0.3276800000000001: [8, 4, 0, 1, 2, 3]
0.06553600000000001: [8, 4, 0, 1, 1, 2, 3]
0.06553600000000001: [8, 4, 4, 0, 1, 2, 3]
0.03276800000000001: [8, 4, 0, 0, 1, 2, 3]
0.03276800000000001: [8, 8, 4, 0, 1, 2, 3]
0.03276800000000001: [8, 4, 0, 1, 2, 2, 3]
0.026214400000000013: [8, 4, 0, 4, 0, 1, 2, 3]
0.026214400000000013: [8, 9, 8, 4, 0, 1, 2, 3]
0.026214400000000013: [8, 4, 0, 1, 2, 6, 2, 3]
0.0131072: [8, 4, 0, 1, 1, 1, 2, 3]
0.0131072: [8, 4, 4, 0, 1, 1, 2, 3]
0.0131072: [8, 4, 4, 4, 0, 1, 2, 3]
0.006553600000000005: [8, 8, 4, 0, 1, 1, 2, 3]
0.006553599999999999: [8, 4, 0, 1, 1, 2, 2, 3]
0.006553599999999999: [8, 4, 4, 0, 0, 1, 2, 3]
0.006553599999999999: [8, 4, 4, 0, 1, 2, 2, 3]
0.006553600000000005: [8, 4, 0, 0, 1, 1, 2, 3]
0.006553600000000005: [8, 8, 4, 4, 0, 1, 2, 3]
0.0052428800000000044: [8, 9, 8, 4, 0, 1, 1, 2, 3]
0.005242879999999999: [8, 4, 4, 0, 1, 2, 6, 2, 3]
0.0052428800000000044: [8, 9, 8, 4, 4, 0, 1, 2, 3]
0.0052428800000000044: [8, 9, 9, 8, 4, 0, 1, 2, 3]
0.0052428800000000044: [8, 4, 0, 4, 0, 1, 1, 2, 3]
0.005242879999999999: [8, 4, 0, 1, 1, 2, 6, 2, 3]
0.005242879999999999: [8, 4, 4, 0, 4, 0, 1, 2, 3]
0.0052428800000000044: [8, 4, 0, 4, 4, 0, 1, 2, 3]
0.0032768000000000025: [8, 4, 0, 0, 0, 1, 2, 3]
0.0032768000000000025: [8, 8, 4, 0, 1, 2, 2, 3]
0.0032768000000000025: [8, 8, 8, 4, 0, 1, 2, 3]
0.0032768000000000025: [8, 4, 0, 0, 1, 2, 2, 3]
0.0032768000000000025: [8, 8, 4, 0, 0, 1, 2, 3]
0.0032768000000000025: [8, 4, 0, 1, 2, 2, 2, 3]
0.002621440000000002: [8, 4, 0, 1, 2, 6, 2, 2, 3]
0.002621440000000002: [8, 4, 0, 0, 1, 2, 6, 2, 3]
0.002621440000000002: [8, 8, 4, 0, 4, 0, 1, 2, 3]
0.002621440000000002: [8, 4, 0, 1, 2, 2, 6, 2, 3]
0.002621440000000002: [8, 4, 0, 1, 2, 6, 6, 2, 3]
0.002621440000000002: [8, 9, 8, 4, 0, 1, 2, 2, 3]
0.002621440000000002: [8, 9, 8, 8, 4, 0, 1, 2, 3]
0.002621440000000002: [8, 9, 8, 4, 0, 0, 1, 2, 3]
0.002621440000000002: [8, 4, 0, 4, 0, 0, 1, 2, 3]
0.002621440000000002: [8, 4, 0, 4, 0, 1, 2, 2, 3]
0.002621440000000002: [8, 4, 0, 0, 4, 0, 1, 2, 3]
0.002621440000000002: [8, 8, 4, 0, 1, 2, 6, 2, 3]
0.002621440000000002: [8, 8, 9, 8, 4, 0, 1, 2, 3]
0.0026214399999999996: [8, 4, 0, 1, 1, 1, 1, 2, 3]
0.0026214399999999996: [8, 4, 4, 0, 1, 1, 1, 2, 3]
0.002621440000000002: [8, 4, 4, 4, 0, 1, 1, 2, 3]
0.002621440000000002: [8, 4, 4, 4, 4, 0, 1, 2, 3]
0.0020971520000000014: [8, 4, 0, 1, 2, 6, 2, 6, 2, 3]
0.0020971520000000014: [8, 9, 8, 9, 8, 4, 0, 1, 2, 3]
0.0020971520000000014: [8, 9, 8, 4, 0, 1, 2, 6, 2, 3]
0.0020971520000000014: [8, 4, 0, 4, 0, 4, 0, 1, 2, 3]
0.0020971520000000014: [8, 4, 0, 4, 0, 1, 2, 6, 2, 3]
0.0020971520000000014: [8, 9, 8, 4, 0, 4, 0, 1, 2, 3]
0.001310720000000001: [8, 4, 0, 0, 1, 1, 1, 2, 3]
0.001310720000000001: [8, 8, 4, 4, 0, 1, 1, 2, 3]
0.001310720000000001: [8, 8, 4, 0, 1, 1, 1, 2, 3]
0.001310720000000001: [8, 8, 4, 4, 4, 0, 1, 2, 3]
0.001310720000000001: [8, 4, 0, 1, 1, 1, 2, 2, 3]
0.001310720000000001: [8, 4, 4, 0, 1, 1, 2, 2, 3]
0.001310720000000001: [8, 4, 4, 4, 0, 0, 1, 2, 3]
0.001310720000000001: [8, 4, 4, 4, 0, 1, 2, 2, 3]
0.0013107199999999996: [8, 4, 4, 0, 0, 1, 1, 2, 3]
0.0010485760000000007: [8, 9, 8, 4, 0, 1, 1, 1, 2, 3]
0.0010485760000000007: [8, 4, 0, 4, 4, 0, 1, 1, 2, 3]
0.0010485760000000007: [8, 9, 9, 8, 4, 0, 1, 1, 2, 3]
0.0010485760000000007: [8, 4, 0, 1, 1, 1, 2, 6, 2, 3]
0.0010485760000000007: [8, 4, 4, 0, 1, 1, 2, 6, 2, 3]
0.0010485760000000007: [8, 4, 4, 4, 0, 4, 0, 1, 2, 3]
0.0010485760000000007: [8, 4, 0, 4, 0, 1, 1, 1, 2, 3]
0.0010485760000000007: [8, 4, 4, 4, 0, 1, 2, 6, 2, 3]
0.0010485760000000007: [8, 9, 8, 4, 4, 0, 1, 1, 2, 3]
0.0010485760000000007: [8, 4, 0, 4, 4, 4, 0, 1, 2, 3]
0.0010485760000000007: [8, 9, 8, 4, 4, 4, 0, 1, 2, 3]
0.0010485760000000007: [8, 9, 9, 8, 4, 4, 0, 1, 2, 3]
0.0010485760000000007: [8, 9, 9, 9, 8, 4, 0, 1, 2, 3]
0.0010485759999999998: [8, 4, 4, 0, 4, 0, 1, 1, 2, 3]
0.0010485759999999998: [8, 4, 4, 0, 4, 4, 0, 1, 2, 3]
6.553600000000003E-4: [8, 4, 0, 0, 1, 1, 2, 2, 3]
6.553600000000003E-4: [8, 8, 4, 4, 0, 0, 1, 2, 3]
6.553600000000003E-4: [8, 8, 4, 0, 1, 1, 2, 2, 3]
6.553600000000003E-4: [8, 8, 4, 4, 0, 1, 2, 2, 3]
6.553600000000003E-4: [8, 8, 4, 0, 0, 1, 1, 2, 3]
6.553600000000003E-4: [8, 4, 0, 0, 0, 1, 1, 2, 3]
6.553600000000003E-4: [8, 8, 8, 4, 0, 1, 1, 2, 3]
6.553600000000003E-4: [8, 8, 8, 4, 4, 0, 1, 2, 3]
6.553600000000003E-4: [8, 4, 0, 1, 1, 2, 2, 2, 3]
6.553600000000003E-4: [8, 4, 4, 0, 1, 2, 2, 2, 3]
6.553600000000003E-4: [8, 4, 4, 0, 0, 1, 2, 2, 3]
6.553600000000003E-4: [8, 4, 4, 0, 0, 0, 1, 2, 3]
5.242880000000008E-4: [8, 9, 8, 4, 4, 0, 0, 1, 2, 3]
5.242880000000008E-4: [8, 4, 0, 4, 4, 0, 1, 2, 2, 3]
5.242880000000008E-4: [8, 9, 8, 4, 4, 0, 1, 2, 2, 3]
5.242880000000008E-4: [8, 9, 9, 8, 4, 0, 1, 2, 2, 3]
5.242880000000008E-4: [8, 9, 9, 8, 8, 4, 0, 1, 2, 3]
5.242880000000008E-4: [8, 9, 9, 8, 4, 0, 0, 1, 2, 3]
5.242880000000004E-4: [8, 4, 4, 4, 0, 1, 1, 1, 2, 3]
5.242879999999998E-4: [8, 4, 4, 0, 1, 2, 6, 2, 2, 3]
5.242879999999998E-4: [8, 4, 4, 0, 4, 0, 0, 1, 2, 3]
5.242879999999998E-4: [8, 4, 4, 0, 4, 0, 1, 2, 2, 3]
5.242880000000004E-4: [8, 4, 0, 0, 1, 1, 2, 6, 2, 3]
5.242880000000004E-4: [8, 8, 4, 4, 0, 4, 0, 1, 2, 3]
5.242880000000004E-4: [8, 8, 4, 0, 1, 1, 2, 6, 2, 3]
5.242880000000004E-4: [8, 8, 4, 4, 0, 1, 2, 6, 2, 3]
5.242880000000008E-4: [8, 4, 0, 4, 0, 1, 1, 2, 2, 3]
5.242880000000004E-4: [8, 8, 4, 0, 4, 0, 1, 1, 2, 3]
5.242880000000004E-4: [8, 8, 9, 8, 4, 0, 1, 1, 2, 3]
5.242880000000004E-4: [8, 4, 0, 1, 1, 2, 2, 6, 2, 3]
5.242880000000004E-4: [8, 4, 4, 0, 1, 2, 2, 6, 2, 3]
5.242880000000004E-4: [8, 4, 4, 0, 0, 1, 2, 6, 2, 3]
5.242880000000004E-4: [8, 4, 4, 0, 0, 4, 0, 1, 2, 3]
5.242880000000004E-4: [8, 4, 4, 4, 4, 0, 1, 1, 2, 3]
5.242879999999998E-4: [8, 4, 0, 1, 1, 2, 6, 2, 2, 3]
5.242880000000004E-4: [8, 4, 4, 0, 1, 2, 6, 6, 2, 3]
5.242880000000004E-4: [8, 8, 4, 0, 4, 4, 0, 1, 2, 3]
5.242880000000004E-4: [8, 4, 0, 0, 4, 0, 1, 1, 2, 3]
5.242880000000004E-4: [8, 8, 9, 8, 4, 4, 0, 1, 2, 3]
5.242880000000004E-4: [8, 8, 9, 9, 8, 4, 0, 1, 2, 3]
5.242880000000004E-4: [8, 4, 4, 4, 4, 4, 0, 1, 2, 3]
5.242880000000004E-4: [8, 4, 0, 1, 1, 2, 6, 6, 2, 3]
5.242880000000004E-4: [8, 9, 8, 8, 4, 0, 1, 1, 2, 3]
5.242880000000008E-4: [8, 9, 8, 4, 0, 1, 1, 2, 2, 3]
5.242880000000004E-4: [8, 4, 0, 0, 4, 4, 0, 1, 2, 3]
5.242880000000004E-4: [8, 4, 0, 4, 0, 0, 1, 1, 2, 3]
5.242880000000008E-4: [8, 4, 0, 4, 4, 0, 0, 1, 2, 3]
5.242880000000004E-4: [8, 9, 8, 8, 4, 4, 0, 1, 2, 3]
5.242880000000004E-4: [8, 9, 8, 4, 0, 0, 1, 1, 2, 3]
5.242879999999998E-4: [8, 4, 4, 0, 1, 1, 1, 1, 2, 3]
5.242879999999998E-4: [8, 4, 0, 1, 1, 1, 1, 1, 2, 3]
4.1943040000000067E-4: [8, 9, 8, 4, 4, 0, 4, 0, 1, 2, 3]
4.1943040000000067E-4: [8, 4, 0, 4, 4, 0, 1, 2, 6, 2, 3]
4.1943040000000067E-4: [8, 9, 8, 4, 4, 0, 1, 2, 6, 2, 3]
4.1943040000000067E-4: [8, 9, 9, 8, 4, 0, 1, 2, 6, 2, 3]
4.1943040000000067E-4: [8, 9, 9, 8, 9, 8, 4, 0, 1, 2, 3]
4.1943040000000067E-4: [8, 9, 9, 8, 4, 0, 4, 0, 1, 2, 3]
4.1943040000000067E-4: [8, 4, 0, 4, 0, 1, 1, 2, 6, 2, 3]
4.1943040000000067E-4: [8, 9, 8, 4, 0, 1, 1, 2, 6, 2, 3]
4.1943040000000067E-4: [8, 4, 0, 4, 4, 0, 4, 0, 1, 2, 3]
4.194304000000003E-4: [8, 4, 0, 4, 0, 4, 0, 1, 1, 2, 3]
4.194304000000003E-4: [8, 9, 8, 4, 0, 4, 0, 1, 1, 2, 3]
4.194304000000003E-4: [8, 9, 8, 9, 8, 4, 0, 1, 1, 2, 3]
4.194304000000003E-4: [8, 4, 0, 4, 0, 4, 4, 0, 1, 2, 3]
4.194304000000003E-4: [8, 9, 8, 4, 0, 4, 4, 0, 1, 2, 3]
4.194304000000003E-4: [8, 9, 8, 9, 8, 4, 4, 0, 1, 2, 3]
4.194304000000003E-4: [8, 9, 8, 9, 9, 8, 4, 0, 1, 2, 3]
4.194303999999999E-4: [8, 4, 4, 0, 1, 2, 6, 2, 6, 2, 3]
4.194303999999999E-4: [8, 4, 4, 0, 4, 0, 1, 2, 6, 2, 3]
4.194303999999999E-4: [8, 4, 4, 0, 4, 0, 4, 0, 1, 2, 3]
4.194303999999999E-4: [8, 4, 0, 1, 1, 2, 6, 2, 6, 2, 3]
3.2768000000000044E-4: [8, 8, 4, 0, 1, 2, 2, 2, 3]
3.2768000000000044E-4: [8, 4, 0, 1, 2, 2, 2, 2, 3]
3.2768000000000044E-4: [8, 8, 4, 0, 0, 1, 2, 2, 3]
3.2768000000000044E-4: [8, 4, 0, 0, 0, 1, 2, 2, 3]
3.2768000000000044E-4: [8, 8, 4, 0, 0, 0, 1, 2, 3]
3.2768000000000044E-4: [8, 4, 0, 0, 0, 0, 1, 2, 3]
3.2768000000000044E-4: [8, 8, 8, 4, 0, 0, 1, 2, 3]
3.2768000000000044E-4: [8, 8, 8, 4, 0, 1, 2, 2, 3]
3.2768000000000044E-4: [8, 8, 8, 8, 4, 0, 1, 2, 3]
3.2768000000000044E-4: [8, 4, 0, 0, 1, 2, 2, 2, 3]
2.621440000000006E-4: [8, 9, 8, 4, 0, 0, 1, 2, 2, 3]
2.621440000000006E-4: [8, 9, 8, 4, 0, 0, 0, 1, 2, 3]
2.621439999999997E-4: [8, 4, 4, 0, 1, 1, 1, 2, 2, 3]
2.621440000000006E-4: [8, 9, 8, 8, 8, 4, 0, 1, 2, 3]
2.621439999999997E-4: [8, 4, 0, 1, 1, 1, 1, 2, 2, 3]
2.621440000000006E-4: [8, 8, 4, 0, 1, 2, 6, 2, 2, 3]
2.621440000000006E-4: [8, 4, 0, 0, 1, 2, 6, 2, 2, 3]
2.621440000000006E-4: [8, 4, 0, 1, 2, 6, 2, 2, 2, 3]
2.621440000000006E-4: [8, 8, 4, 0, 1, 2, 2, 6, 2, 3]
2.621440000000006E-4: [8, 4, 0, 1, 2, 2, 2, 6, 2, 3]
2.621440000000006E-4: [8, 8, 4, 0, 0, 1, 2, 6, 2, 3]
2.621440000000006E-4: [8, 4, 0, 0, 0, 1, 2, 6, 2, 3]
2.621440000000006E-4: [8, 8, 4, 0, 0, 4, 0, 1, 2, 3]
2.621440000000006E-4: [8, 4, 0, 0, 0, 4, 0, 1, 2, 3]
2.621440000000006E-4: [8, 8, 8, 4, 0, 4, 0, 1, 2, 3]
2.621440000000006E-4: [8, 8, 8, 4, 0, 1, 2, 6, 2, 3]
2.621440000000006E-4: [8, 4, 0, 1, 2, 2, 6, 2, 2, 3]
2.621440000000006E-4: [8, 8, 8, 9, 8, 4, 0, 1, 2, 3]
2.621440000000006E-4: [8, 4, 0, 0, 1, 2, 2, 6, 2, 3]
2.621440000000006E-4: [8, 8, 4, 4, 4, 0, 1, 1, 2, 3]
2.621440000000006E-4: [8, 8, 4, 0, 1, 2, 6, 6, 2, 3]
2.621440000000006E-4: [8, 4, 0, 0, 1, 2, 6, 6, 2, 3]
2.621440000000006E-4: [8, 4, 0, 1, 2, 2, 6, 6, 2, 3]
2.621440000000006E-4: [8, 8, 4, 4, 4, 4, 0, 1, 2, 3]
2.621440000000006E-4: [8, 8, 4, 0, 1, 1, 1, 1, 2, 3]
2.621440000000006E-4: [8, 4, 0, 0, 1, 1, 1, 1, 2, 3]
2.621440000000006E-4: [8, 4, 4, 4, 0, 1, 1, 2, 2, 3]
2.621440000000006E-4: [8, 8, 4, 4, 0, 1, 1, 1, 2, 3]
2.621440000000006E-4: [8, 9, 8, 4, 0, 1, 2, 2, 2, 3]
2.621440000000006E-4: [8, 4, 0, 1, 2, 6, 6, 2, 2, 3]
2.621440000000006E-4: [8, 8, 4, 0, 4, 0, 0, 1, 2, 3]
2.621440000000006E-4: [8, 4, 0, 1, 2, 6, 6, 6, 2, 3]
2.621440000000006E-4: [8, 4, 4, 4, 0, 0, 1, 1, 2, 3]
2.621440000000006E-4: [8, 4, 4, 4, 4, 0, 0, 1, 2, 3]
2.621440000000006E-4: [8, 8, 4, 0, 4, 0, 1, 2, 2, 3]
2.621440000000006E-4: [8, 4, 0, 0, 4, 0, 0, 1, 2, 3]
2.621440000000006E-4: [8, 8, 9, 8, 4, 0, 1, 2, 2, 3]
2.621440000000006E-4: [8, 4, 0, 4, 0, 1, 2, 2, 2, 3]
2.621440000000006E-4: [8, 8, 9, 8, 8, 4, 0, 1, 2, 3]
2.621440000000006E-4: [8, 8, 9, 8, 4, 0, 0, 1, 2, 3]
2.621440000000006E-4: [8, 4, 4, 4, 4, 0, 1, 2, 2, 3]
2.621440000000006E-4: [8, 4, 0, 0, 4, 0, 1, 2, 2, 3]
2.621440000000006E-4: [8, 9, 8, 8, 4, 0, 0, 1, 2, 3]
2.621440000000006E-4: [8, 4, 0, 4, 0, 0, 0, 1, 2, 3]
2.621440000000006E-4: [8, 4, 0, 4, 0, 0, 1, 2, 2, 3]
2.621440000000006E-4: [8, 9, 8, 8, 4, 0, 1, 2, 2, 3]
2.621439999999997E-4: [8, 4, 4, 0, 0, 1, 1, 1, 2, 3]
2.0971520000000069E-4: [8, 4, 0, 4, 0, 4, 0, 0, 1, 2, 3]
2.0971519999999993E-4: [8, 4, 0, 4, 0, 1, 2, 6, 2, 2, 3]
2.0971520000000069E-4: [8, 9, 8, 4, 0, 4, 0, 0, 1, 2, 3]
2.0971519999999993E-4: [8, 4, 0, 4, 0, 4, 0, 1, 2, 2, 3]
2.0971519999999993E-4: [8, 9, 8, 4, 0, 4, 0, 1, 2, 2, 3]
2.0971519999999993E-4: [8, 9, 8, 9, 8, 4, 0, 1, 2, 2, 3]
2.0971520000000069E-4: [8, 9, 8, 9, 8, 8, 4, 0, 1, 2, 3]
2.0971520000000069E-4: [8, 9, 8, 9, 8, 4, 0, 0, 1, 2, 3]
2.0971520000000069E-4: [8, 9, 8, 4, 0, 0, 1, 2, 6, 2, 3]
2.0971520000000069E-4: [8, 9, 8, 4, 0, 0, 4, 0, 1, 2, 3]
2.0971520000000069E-4: [8, 9, 8, 8, 9, 8, 4, 0, 1, 2, 3]
2.0971520000000069E-4: [8, 8, 4, 0, 1, 2, 6, 2, 6, 2, 3]
2.0971520000000069E-4: [8, 4, 0, 1, 2, 6, 2, 2, 6, 2, 3]
2.0971520000000069E-4: [8, 4, 0, 0, 1, 2, 6, 2, 6, 2, 3]
2.0971520000000069E-4: [8, 4, 0, 1, 2, 2, 6, 2, 6, 2, 3]
2.0971519999999993E-4: [8, 9, 8, 4, 0, 1, 2, 6, 2, 2, 3]
2.0971520000000069E-4: [8, 4, 4, 4, 0, 1, 1, 2, 6, 2, 3]
2.0971519999999993E-4: [8, 4, 0, 1, 2, 6, 2, 6, 2, 2, 3]
2.0971520000000069E-4: [8, 9, 8, 4, 0, 1, 2, 2, 6, 2, 3]
2.0971520000000069E-4: [8, 4, 0, 1, 2, 6, 6, 2, 6, 2, 3]
2.0971520000000069E-4: [8, 8, 4, 0, 4, 0, 4, 0, 1, 2, 3]
2.0971520000000069E-4: [8, 4, 4, 4, 4, 0, 4, 0, 1, 2, 3]
2.0971520000000069E-4: [8, 8, 4, 0, 4, 0, 1, 2, 6, 2, 3]
2.0971520000000069E-4: [8, 4, 0, 0, 4, 0, 4, 0, 1, 2, 3]
2.0971520000000069E-4: [8, 8, 9, 8, 4, 0, 1, 2, 6, 2, 3]
2.0971520000000069E-4: [8, 4, 0, 4, 0, 1, 2, 2, 6, 2, 3]
2.0971520000000069E-4: [8, 8, 9, 8, 9, 8, 4, 0, 1, 2, 3]
2.0971520000000069E-4: [8, 8, 9, 8, 4, 0, 4, 0, 1, 2, 3]
2.0971520000000069E-4: [8, 4, 4, 4, 4, 0, 1, 2, 6, 2, 3]
2.0971520000000069E-4: [8, 4, 0, 0, 4, 0, 1, 2, 6, 2, 3]
2.0971520000000069E-4: [8, 9, 8, 8, 4, 0, 4, 0, 1, 2, 3]
2.0971520000000069E-4: [8, 4, 0, 4, 0, 0, 4, 0, 1, 2, 3]
2.0971520000000069E-4: [8, 4, 0, 4, 0, 0, 1, 2, 6, 2, 3]
2.0971520000000069E-4: [8, 9, 8, 8, 4, 0, 1, 2, 6, 2, 3]
2.0971520000000069E-4: [8, 4, 0, 4, 0, 1, 2, 6, 6, 2, 3]
2.0971520000000069E-4: [8, 9, 8, 4, 0, 1, 2, 6, 6, 2, 3]
2.0971520000000069E-4: [8, 4, 0, 1, 2, 6, 2, 6, 6, 2, 3]
2.0971520000000069E-4: [8, 9, 8, 4, 4, 0, 1, 1, 1, 2, 3]
2.0971520000000069E-4: [8, 9, 9, 8, 4, 4, 0, 1, 1, 2, 3]
2.0971519999999993E-4: [8, 4, 4, 0, 4, 0, 1, 1, 1, 2, 3]
2.0971519999999993E-4: [8, 4, 4, 0, 1, 1, 1, 2, 6, 2, 3]
2.0971519999999993E-4: [8, 4, 0, 1, 1, 1, 1, 2, 6, 2, 3]
2.0971520000000069E-4: [8, 9, 9, 9, 8, 4, 0, 1, 1, 2, 3]
2.0971520000000069E-4: [8, 9, 8, 4, 4, 4, 0, 1, 1, 2, 3]
2.0971520000000069E-4: [8, 9, 9, 8, 4, 0, 1, 1, 1, 2, 3]
2.0971519999999993E-4: [8, 4, 4, 0, 4, 4, 0, 1, 1, 2, 3]
2.0971520000000069E-4: [8, 4, 0, 4, 4, 0, 1, 1, 1, 2, 3]
2.0971520000000069E-4: [8, 9, 9, 8, 4, 4, 4, 0, 1, 2, 3]
2.0971520000000069E-4: [8, 9, 8, 4, 0, 1, 1, 1, 1, 2, 3]
2.0971520000000069E-4: [8, 9, 9, 9, 8, 4, 4, 0, 1, 2, 3]
2.0971520000000069E-4: [8, 9, 9, 9, 9, 8, 4, 0, 1, 2, 3]
2.0971520000000069E-4: [8, 9, 8, 4, 4, 4, 4, 0, 1, 2, 3]
2.0971519999999993E-4: [8, 4, 4, 0, 4, 4, 4, 0, 1, 2, 3]
2.0971520000000069E-4: [8, 4, 0, 4, 4, 4, 0, 1, 1, 2, 3]
2.0971520000000069E-4: [8, 4, 0, 4, 0, 1, 1, 1, 1, 2, 3]
2.0971520000000069E-4: [8, 4, 4, 4, 0, 4, 0, 1, 1, 2, 3]
2.0971520000000069E-4: [8, 4, 0, 4, 4, 4, 4, 0, 1, 2, 3]
2.0971520000000069E-4: [8, 4, 4, 4, 0, 4, 4, 0, 1, 2, 3]
1.677721600000001E-4: [8, 4, 0, 4, 0, 1, 2, 6, 2, 6, 2, 3]
1.677721600000007E-4: [8, 9, 8, 4, 0, 4, 0, 4, 0, 1, 2, 3]
1.677721600000001E-4: [8, 4, 0, 4, 0, 4, 0, 1, 2, 6, 2, 3]
1.677721600000001E-4: [8, 9, 8, 4, 0, 4, 0, 1, 2, 6, 2, 3]
1.677721600000001E-4: [8, 9, 8, 9, 8, 4, 0, 1, 2, 6, 2, 3]
1.677721600000007E-4: [8, 9, 8, 9, 8, 4, 0, 4, 0, 1, 2, 3]
1.677721600000007E-4: [8, 9, 8, 9, 8, 9, 8, 4, 0, 1, 2, 3]
1.677721600000001E-4: [8, 9, 8, 4, 0, 1, 2, 6, 2, 6, 2, 3]
1.677721600000001E-4: [8, 4, 0, 1, 2, 6, 2, 6, 2, 6, 2, 3]
1.677721600000007E-4: [8, 4, 0, 4, 0, 4, 0, 4, 0, 1, 2, 3]
1.3107200000000006E-4: [8, 4, 0, 0, 0, 1, 1, 1, 2, 3]
1.3107200000000006E-4: [8, 8, 8, 4, 0, 1, 1, 1, 2, 3]
1.3107200000000006E-4: [8, 4, 4, 0, 0, 0, 1, 1, 2, 3]
1.3107200000000006E-4: [8, 4, 0, 1, 1, 1, 2, 2, 2, 3]
1.3107200000000052E-4: [8, 8, 4, 4, 4, 0, 0, 1, 2, 3]
1.3107200000000006E-4: [8, 8, 4, 4, 4, 0, 1, 2, 2, 3]
1.3107200000000006E-4: [8, 4, 0, 0, 1, 1, 1, 2, 2, 3]
1.3107200000000006E-4: [8, 8, 4, 0, 1, 1, 1, 2, 2, 3]
1.3107200000000006E-4: [8, 8, 4, 4, 0, 1, 1, 2, 2, 3]
1.3107200000000006E-4: [8, 4, 4, 4, 0, 1, 2, 2, 2, 3]
1.3107200000000006E-4: [8, 4, 4, 4, 0, 0, 1, 2, 2, 3]
1.3107200000000052E-4: [8, 4, 4, 4, 0, 0, 0, 1, 2, 3]
1.3107200000000006E-4: [8, 4, 4, 0, 1, 1, 2, 2, 2, 3]
1.3107200000000006E-4: [8, 8, 4, 0, 0, 1, 1, 1, 2, 3]
1.3107200000000006E-4: [8, 4, 4, 0, 0, 1, 1, 2, 2, 3]
1.3107200000000006E-4: [8, 8, 8, 4, 4, 0, 1, 1, 2, 3]
1.3107200000000006E-4: [8, 8, 4, 4, 0, 0, 1, 1, 2, 3]
1.3107200000000052E-4: [8, 8, 8, 4, 4, 4, 0, 1, 2, 3]
1.0485760000000014E-4: [8, 9, 8, 4, 4, 0, 0, 1, 1, 2, 3]
1.0485760000000014E-4: [8, 9, 9, 8, 4, 0, 0, 1, 1, 2, 3]
1.0485760000000014E-4: [8, 9, 9, 8, 8, 4, 0, 1, 1, 2, 3]
1.0485760000000014E-4: [8, 9, 8, 8, 4, 4, 0, 1, 1, 2, 3]
1.0485760000000014E-4: [8, 8, 4, 4, 0, 4, 0, 1, 1, 2, 3]
1.0485760000000052E-4: [8, 9, 9, 8, 8, 4, 4, 0, 1, 2, 3]
1.0485760000000052E-4: [8, 9, 8, 8, 4, 4, 4, 0, 1, 2, 3]
1.0485760000000052E-4: [8, 8, 4, 4, 0, 4, 4, 0, 1, 2, 3]
1.0485760000000014E-4: [8, 8, 9, 8, 4, 0, 1, 1, 1, 2, 3]
1.0485760000000014E-4: [8, 8, 4, 0, 4, 0, 1, 1, 1, 2, 3]
1.0485760000000014E-4: [8, 9, 8, 4, 0, 0, 1, 1, 1, 2, 3]
1.0485760000000014E-4: [8, 4, 4, 4, 0, 1, 1, 1, 1, 2, 3]
1.0485760000000014E-4: [8, 4, 4, 0, 0, 4, 0, 1, 1, 2, 3]
1.0485760000000014E-4: [8, 8, 9, 8, 4, 4, 0, 1, 1, 2, 3]
1.0485760000000052E-4: [8, 4, 4, 0, 0, 4, 4, 0, 1, 2, 3]
1.0485760000000052E-4: [8, 8, 9, 8, 4, 4, 4, 0, 1, 2, 3]
1.0485760000000014E-4: [8, 9, 8, 4, 4, 0, 1, 1, 2, 2, 3]
1.0485760000000014E-4: [8, 4, 4, 4, 4, 0, 1, 1, 1, 2, 3]
1.0485760000000014E-4: [8, 9, 9, 8, 4, 4, 0, 0, 1, 2, 3]
1.0485760000000014E-4: [8, 4, 0, 0, 4, 0, 1, 1, 1, 2, 3]
1.0485760000000014E-4: [8, 9, 8, 4, 4, 4, 0, 0, 1, 2, 3]
1.0485760000000014E-4: [8, 9, 9, 8, 4, 0, 1, 1, 2, 2, 3]
1.0485760000000014E-4: [8, 8, 4, 0, 4, 4, 0, 1, 1, 2, 3]
1.0485760000000014E-4: [8, 4, 0, 4, 4, 0, 0, 1, 1, 2, 3]
1.0485760000000052E-4: [8, 8, 4, 0, 4, 4, 4, 0, 1, 2, 3]
1.0485760000000014E-4: [8, 4, 0, 4, 4, 0, 1, 1, 2, 2, 3]
1.0485760000000014E-4: [8, 9, 9, 8, 4, 4, 0, 1, 2, 2, 3]
1.0485760000000014E-4: [8, 9, 8, 4, 0, 1, 1, 1, 2, 2, 3]
1.0485760000000014E-4: [8, 9, 9, 9, 8, 4, 0, 1, 2, 2, 3]
1.0485760000000014E-4: [8, 4, 0, 1, 1, 1, 2, 6, 2, 2, 3]
1.0485760000000052E-4: [8, 9, 9, 9, 8, 8, 4, 0, 1, 2, 3]
1.0485760000000014E-4: [8, 4, 0, 1, 1, 1, 2, 6, 6, 2, 3]
1.0485760000000014E-4: [8, 9, 9, 9, 8, 4, 0, 0, 1, 2, 3]
1.0485760000000014E-4: [8, 4, 4, 4, 4, 4, 0, 1, 1, 2, 3]
1.0485760000000014E-4: [8, 9, 8, 4, 4, 4, 0, 1, 2, 2, 3]
1.0485760000000052E-4: [8, 4, 4, 4, 4, 4, 4, 0, 1, 2, 3]
1.0485760000000014E-4: [8, 4, 0, 4, 4, 4, 0, 0, 1, 2, 3]
1.0485760000000014E-4: [8, 4, 0, 4, 0, 1, 1, 1, 2, 2, 3]
1.0485760000000014E-4: [8, 4, 4, 4, 0, 4, 0, 0, 1, 2, 3]
1.0485760000000014E-4: [8, 4, 0, 4, 4, 4, 0, 1, 2, 2, 3]
1.0485760000000014E-4: [8, 4, 4, 4, 0, 4, 0, 1, 2, 2, 3]
1.0485760000000014E-4: [8, 8, 9, 9, 8, 4, 0, 1, 1, 2, 3]
1.0485760000000014E-4: [8, 4, 4, 0, 1, 1, 2, 6, 2, 2, 3]
1.0485760000000052E-4: [8, 8, 9, 9, 8, 4, 4, 0, 1, 2, 3]
1.0485760000000052E-4: [8, 8, 9, 9, 9, 8, 4, 0, 1, 2, 3]
1.0485760000000014E-4: [8, 4, 4, 0, 1, 1, 2, 6, 6, 2, 3]
1.0485760000000014E-4: [8, 4, 0, 1, 1, 1, 2, 2, 6, 2, 3]
1.0485760000000014E-4: [8, 4, 0, 4, 0, 0, 1, 1, 1, 2, 3]
1.0485760000000014E-4: [8, 4, 4, 4, 0, 1, 2, 6, 2, 2, 3]
1.0485760000000052E-4: [8, 8, 4, 4, 4, 0, 4, 0, 1, 2, 3]
1.0485760000000014E-4: [8, 4, 4, 4, 0, 1, 2, 6, 6, 2, 3]
1.0485760000000014E-4: [8, 8, 4, 4, 4, 0, 1, 2, 6, 2, 3]
1.0485760000000014E-4: [8, 4, 0, 0, 1, 1, 1, 2, 6, 2, 3]
1.0485760000000014E-4: [8, 8, 4, 0, 1, 1, 1, 2, 6, 2, 3]
1.0485760000000014E-4: [8, 9, 8, 8, 4, 0, 1, 1, 1, 2, 3]
1.0485760000000014E-4: [8, 8, 4, 4, 0, 1, 1, 2, 6, 2, 3]
1.0485760000000014E-4: [8, 4, 4, 4, 0, 1, 2, 2, 6, 2, 3]
1.0485760000000014E-4: [8, 4, 4, 4, 0, 0, 1, 2, 6, 2, 3]
1.0485760000000052E-4: [8, 4, 4, 4, 0, 0, 4, 0, 1, 2, 3]
1.0485760000000014E-4: [8, 4, 0, 0, 4, 4, 0, 1, 1, 2, 3]
1.0485760000000014E-4: [8, 4, 4, 0, 1, 1, 2, 2, 6, 2, 3]
1.0485760000000052E-4: [8, 4, 0, 0, 4, 4, 4, 0, 1, 2, 3]
1.0485760000000014E-4: [8, 4, 4, 0, 4, 0, 0, 1, 1, 2, 3]
1.0485760000000014E-4: [8, 4, 4, 0, 1, 1, 1, 1, 1, 2, 3]
1.0485760000000014E-4: [8, 4, 0, 1, 1, 1, 1, 1, 1, 2, 3]
1.0485760000000014E-4: [8, 4, 4, 0, 4, 0, 1, 1, 2, 2, 3]
1.0485760000000014E-4: [8, 4, 4, 0, 4, 4, 0, 0, 1, 2, 3]
1.0485760000000014E-4: [8, 4, 4, 0, 4, 4, 0, 1, 2, 2, 3]
1.0485760000000014E-4: [8, 4, 4, 0, 0, 1, 1, 2, 6, 2, 3]
8.38860800000002E-5: [8, 4, 0, 4, 4, 0, 4, 0, 1, 1, 2, 3]
8.38860800000002E-5: [8, 9, 8, 4, 4, 0, 4, 0, 1, 1, 2, 3]
8.38860800000005E-5: [8, 4, 0, 4, 4, 0, 4, 4, 0, 1, 2, 3]
8.38860800000005E-5: [8, 9, 8, 4, 4, 0, 4, 4, 0, 1, 2, 3]
8.38860800000002E-5: [8, 9, 9, 8, 4, 0, 4, 0, 1, 1, 2, 3]
8.38860800000002E-5: [8, 9, 9, 8, 9, 8, 4, 0, 1, 1, 2, 3]
8.38860800000005E-5: [8, 9, 9, 8, 4, 0, 4, 4, 0, 1, 2, 3]
8.38860800000005E-5: [8, 9, 9, 8, 9, 8, 4, 4, 0, 1, 2, 3]
8.38860800000005E-5: [8, 9, 9, 8, 9, 9, 8, 4, 0, 1, 2, 3]
8.38860800000002E-5: [8, 4, 0, 4, 0, 4, 4, 0, 1, 1, 2, 3]
8.38860800000002E-5: [8, 9, 8, 4, 4, 0, 1, 1, 2, 6, 2, 3]
8.38860800000002E-5: [8, 9, 9, 8, 4, 4, 0, 4, 0, 1, 2, 3]
8.38860800000002E-5: [8, 4, 0, 4, 4, 0, 1, 1, 2, 6, 2, 3]
8.38860800000002E-5: [8, 9, 8, 4, 4, 4, 0, 4, 0, 1, 2, 3]
8.38860800000002E-5: [8, 9, 8, 4, 0, 1, 1, 1, 2, 6, 2, 3]
8.38860800000002E-5: [8, 9, 9, 9, 8, 4, 0, 1, 2, 6, 2, 3]
8.38860800000002E-5: [8, 4, 0, 1, 1, 1, 2, 6, 2, 6, 2, 3]
8.38860800000002E-5: [8, 9, 9, 8, 4, 4, 0, 1, 2, 6, 2, 3]
8.38860800000005E-5: [8, 9, 9, 9, 8, 9, 8, 4, 0, 1, 2, 3]
8.38860800000002E-5: [8, 9, 9, 9, 8, 4, 0, 4, 0, 1, 2, 3]
8.38860800000002E-5: [8, 4, 0, 4, 4, 4, 0, 4, 0, 1, 2, 3]
8.38860800000002E-5: [8, 4, 0, 4, 0, 1, 1, 1, 2, 6, 2, 3]
8.38860800000002E-5: [8, 4, 4, 4, 0, 4, 0, 4, 0, 1, 2, 3]
8.38860800000002E-5: [8, 4, 0, 4, 4, 4, 0, 1, 2, 6, 2, 3]
8.38860800000002E-5: [8, 9, 8, 4, 4, 4, 0, 1, 2, 6, 2, 3]
8.38860800000002E-5: [8, 9, 8, 9, 9, 8, 4, 0, 1, 1, 2, 3]
8.38860800000002E-5: [8, 4, 4, 4, 0, 4, 0, 1, 2, 6, 2, 3]
8.38860800000002E-5: [8, 4, 4, 0, 1, 1, 2, 6, 2, 6, 2, 3]
8.38860800000002E-5: [8, 9, 9, 8, 4, 0, 1, 1, 2, 6, 2, 3]
8.38860800000002E-5: [8, 4, 0, 4, 0, 4, 0, 1, 1, 1, 2, 3]
8.38860800000002E-5: [8, 4, 4, 0, 4, 4, 0, 4, 0, 1, 2, 3]
8.38860800000002E-5: [8, 4, 4, 0, 4, 4, 0, 1, 2, 6, 2, 3]
8.38860800000002E-5: [8, 9, 8, 9, 8, 4, 0, 1, 1, 1, 2, 3]
8.38860800000002E-5: [8, 4, 4, 4, 0, 1, 2, 6, 2, 6, 2, 3]
8.38860800000002E-5: [8, 4, 4, 0, 4, 0, 1, 1, 2, 6, 2, 3]
8.38860800000002E-5: [8, 9, 8, 4, 0, 4, 0, 1, 1, 1, 2, 3]
8.38860800000002E-5: [8, 9, 8, 4, 0, 4, 4, 0, 1, 1, 2, 3]
8.38860800000002E-5: [8, 4, 0, 4, 0, 4, 4, 4, 0, 1, 2, 3]
8.38860800000002E-5: [8, 9, 8, 9, 9, 8, 4, 4, 0, 1, 2, 3]
8.38860800000005E-5: [8, 9, 8, 9, 9, 9, 8, 4, 0, 1, 2, 3]
8.38860800000002E-5: [8, 9, 8, 4, 0, 4, 4, 4, 0, 1, 2, 3]
8.38860800000002E-5: [8, 9, 8, 9, 8, 4, 4, 0, 1, 1, 2, 3]
8.38860800000002E-5: [8, 9, 8, 9, 8, 4, 4, 4, 0, 1, 2, 3]
8.38860800000002E-5: [8, 4, 4, 0, 4, 0, 4, 0, 1, 1, 2, 3]
8.38860800000002E-5: [8, 4, 4, 0, 4, 0, 4, 4, 0, 1, 2, 3]
6.553600000000014E-5: [8, 4, 0, 0, 0, 0, 1, 1, 2, 3]
6.553600000000014E-5: [8, 8, 8, 8, 4, 0, 1, 1, 2, 3]
6.553600000000014E-5: [8, 8, 4, 0, 0, 0, 1, 1, 2, 3]
6.553600000000014E-5: [8, 8, 8, 4, 0, 0, 1, 1, 2, 3]
6.553600000000014E-5: [8, 8, 8, 8, 4, 4, 0, 1, 2, 3]
6.553600000000014E-5: [8, 8, 8, 4, 4, 0, 0, 1, 2, 3]
6.553600000000014E-5: [8, 8, 4, 4, 0, 0, 1, 2, 2, 3]
6.553600000000014E-5: [8, 8, 4, 4, 0, 0, 0, 1, 2, 3]
6.553600000000014E-5: [8, 8, 8, 4, 4, 0, 1, 2, 2, 3]
6.553600000000014E-5: [8, 4, 4, 0, 0, 1, 2, 2, 2, 3]
6.553600000000014E-5: [8, 4, 4, 0, 1, 2, 2, 2, 2, 3]
6.553600000000014E-5: [8, 8, 4, 4, 0, 1, 2, 2, 2, 3]
6.553600000000014E-5: [8, 8, 4, 0, 1, 1, 2, 2, 2, 3]
6.553600000000014E-5: [8, 4, 0, 0, 1, 1, 2, 2, 2, 3]
6.553600000000014E-5: [8, 4, 0, 1, 1, 2, 2, 2, 2, 3]
6.553600000000014E-5: [8, 4, 0, 0, 0, 1, 1, 2, 2, 3]
6.553600000000014E-5: [8, 8, 8, 4, 0, 1, 1, 2, 2, 3]
6.553600000000014E-5: [8, 4, 4, 0, 0, 0, 1, 2, 2, 3]
6.553600000000014E-5: [8, 4, 4, 0, 0, 0, 0, 1, 2, 3]
6.553600000000014E-5: [8, 8, 4, 0, 0, 1, 1, 2, 2, 3]
5.242880000000016E-5: [8, 8, 8, 4, 0, 4, 0, 1, 1, 2, 3]
5.242880000000016E-5: [8, 4, 0, 0, 0, 4, 0, 1, 1, 2, 3]
5.242880000000016E-5: [8, 9, 8, 4, 0, 0, 0, 1, 1, 2, 3]
5.242880000000016E-5: [8, 9, 8, 8, 8, 4, 0, 1, 1, 2, 3]
5.242880000000016E-5: [8, 8, 8, 9, 8, 4, 0, 1, 1, 2, 3]
5.242880000000016E-5: [8, 8, 4, 0, 0, 4, 0, 1, 1, 2, 3]
5.242880000000016E-5: [8, 8, 4, 4, 4, 0, 1, 1, 1, 2, 3]
5.242880000000016E-5: [8, 8, 4, 4, 4, 4, 0, 1, 1, 2, 3]
5.242880000000016E-5: [8, 4, 0, 0, 1, 1, 1, 1, 1, 2, 3]
5.242880000000016E-5: [8, 8, 4, 0, 4, 0, 0, 1, 1, 2, 3]
5.242880000000016E-5: [8, 4, 4, 4, 4, 0, 0, 1, 1, 2, 3]
5.242880000000016E-5: [8, 4, 0, 0, 4, 0, 0, 1, 1, 2, 3]
5.242880000000016E-5: [8, 4, 0, 4, 0, 0, 0, 1, 1, 2, 3]
5.242880000000016E-5: [8, 8, 4, 0, 1, 1, 1, 1, 1, 2, 3]
5.242880000000016E-5: [8, 8, 8, 4, 0, 4, 4, 0, 1, 2, 3]
5.242880000000016E-5: [8, 4, 0, 0, 0, 4, 4, 0, 1, 2, 3]
5.242880000000016E-5: [8, 9, 8, 8, 8, 4, 4, 0, 1, 2, 3]
5.242880000000016E-5: [8, 8, 8, 9, 8, 4, 4, 0, 1, 2, 3]
5.242880000000035E-5: [8, 8, 8, 9, 9, 8, 4, 0, 1, 2, 3]
5.242880000000016E-5: [8, 8, 4, 0, 0, 4, 4, 0, 1, 2, 3]
5.242880000000016E-5: [8, 8, 4, 4, 4, 4, 4, 0, 1, 2, 3]
5.242880000000016E-5: [8, 8, 4, 4, 0, 1, 1, 1, 1, 2, 3]
5.242880000000016E-5: [8, 9, 8, 8, 4, 0, 0, 1, 1, 2, 3]
5.242880000000016E-5: [8, 4, 4, 4, 0, 0, 1, 1, 1, 2, 3]
5.242880000000016E-5: [8, 8, 9, 8, 4, 0, 0, 1, 1, 2, 3]
5.242880000000016E-5: [8, 8, 9, 8, 8, 4, 0, 1, 1, 2, 3]
5.242880000000016E-5: [8, 8, 9, 8, 8, 4, 4, 0, 1, 2, 3]
5.242880000000016E-5: [8, 9, 8, 4, 4, 0, 0, 1, 2, 2, 3]
5.242880000000016E-5: [8, 9, 8, 4, 4, 0, 0, 0, 1, 2, 3]
5.242880000000016E-5: [8, 9, 9, 8, 4, 0, 0, 1, 2, 2, 3]
5.242880000000016E-5: [8, 9, 9, 8, 4, 0, 0, 0, 1, 2, 3]
5.242880000000016E-5: [8, 9, 9, 8, 8, 4, 0, 0, 1, 2, 3]
5.242880000000016E-5: [8, 9, 8, 8, 4, 4, 0, 0, 1, 2, 3]
5.242880000000016E-5: [8, 8, 4, 4, 0, 4, 0, 0, 1, 2, 3]
5.242880000000016E-5: [8, 9, 9, 8, 8, 4, 0, 1, 2, 2, 3]
5.242880000000035E-5: [8, 9, 9, 8, 8, 8, 4, 0, 1, 2, 3]
5.2428799999999975E-5: [8, 8, 4, 4, 0, 4, 0, 1, 2, 2, 3]
5.2428799999999975E-5: [8, 8, 9, 8, 4, 0, 1, 1, 2, 2, 3]
5.2428799999999975E-5: [8, 8, 4, 0, 4, 0, 1, 1, 2, 2, 3]
5.2428799999999975E-5: [8, 9, 8, 8, 4, 4, 0, 1, 2, 2, 3]
5.2428799999999975E-5: [8, 4, 4, 4, 0, 1, 1, 1, 2, 2, 3]
5.2428799999999975E-5: [8, 9, 8, 4, 0, 0, 1, 1, 2, 2, 3]
5.242880000000016E-5: [8, 4, 4, 0, 0, 4, 0, 0, 1, 2, 3]
5.242880000000016E-5: [8, 8, 9, 8, 4, 4, 0, 0, 1, 2, 3]
5.2428799999999975E-5: [8, 4, 4, 0, 0, 4, 0, 1, 2, 2, 3]
5.2428799999999975E-5: [8, 8, 9, 8, 4, 4, 0, 1, 2, 2, 3]
5.2428799999999975E-5: [8, 4, 4, 4, 4, 0, 1, 1, 2, 2, 3]
5.2428799999999975E-5: [8, 4, 0, 0, 4, 0, 1, 1, 2, 2, 3]
5.242880000000016E-5: [8, 9, 8, 4, 4, 0, 1, 2, 2, 2, 3]
5.242880000000016E-5: [8, 8, 4, 0, 4, 4, 0, 0, 1, 2, 3]
5.242880000000016E-5: [8, 4, 0, 4, 4, 0, 0, 0, 1, 2, 3]
5.242880000000016E-5: [8, 4, 0, 4, 4, 0, 0, 1, 2, 2, 3]
5.2428799999999975E-5: [8, 8, 4, 0, 4, 4, 0, 1, 2, 2, 3]
5.242880000000016E-5: [8, 4, 4, 4, 4, 4, 0, 0, 1, 2, 3]
5.2428799999999975E-5: [8, 4, 4, 4, 4, 4, 0, 1, 2, 2, 3]
5.242880000000016E-5: [8, 9, 9, 8, 4, 0, 1, 2, 2, 2, 3]
5.2428799999999975E-5: [8, 4, 0, 0, 1, 1, 2, 6, 2, 2, 3]
5.2428799999999975E-5: [8, 8, 9, 9, 8, 4, 0, 1, 2, 2, 3]
5.242880000000016E-5: [8, 8, 9, 9, 8, 8, 4, 0, 1, 2, 3]
5.242880000000016E-5: [8, 8, 9, 9, 8, 4, 0, 0, 1, 2, 3]
5.2428799999999975E-5: [8, 4, 0, 4, 0, 0, 1, 1, 2, 2, 3]
5.2428799999999975E-5: [8, 9, 8, 8, 4, 0, 1, 1, 2, 2, 3]
5.242880000000016E-5: [8, 4, 0, 0, 4, 4, 0, 0, 1, 2, 3]
5.2428799999999975E-5: [8, 4, 0, 0, 4, 4, 0, 1, 2, 2, 3]
5.2428799999999975E-5: [8, 8, 4, 4, 0, 1, 2, 6, 2, 2, 3]
5.2428799999999975E-5: [8, 8, 4, 0, 1, 1, 2, 6, 2, 2, 3]
5.242880000000016E-5: [8, 4, 0, 4, 0, 1, 1, 2, 2, 2, 3]
5.242880000000016E-5: [8, 8, 8, 4, 4, 0, 4, 0, 1, 2, 3]
5.242880000000016E-5: [8, 8, 4, 4, 0, 0, 1, 2, 6, 2, 3]
5.242880000000016E-5: [8, 8, 4, 4, 0, 0, 4, 0, 1, 2, 3]
5.242880000000016E-5: [8, 8, 8, 4, 4, 0, 1, 2, 6, 2, 3]
5.242880000000016E-5: [8, 4, 0, 4, 4, 0, 1, 2, 2, 2, 3]
5.242880000000016E-5: [8, 8, 4, 4, 0, 1, 2, 2, 6, 2, 3]
5.242880000000016E-5: [8, 4, 0, 0, 1, 1, 2, 2, 6, 2, 3]
5.242880000000016E-5: [8, 4, 0, 1, 1, 2, 2, 2, 6, 2, 3]
5.242880000000016E-5: [8, 4, 0, 0, 0, 1, 1, 2, 6, 2, 3]
5.242880000000016E-5: [8, 8, 8, 4, 0, 1, 1, 2, 6, 2, 3]
5.242880000000016E-5: [8, 4, 4, 0, 0, 1, 2, 2, 6, 2, 3]
5.242880000000016E-5: [8, 4, 4, 0, 0, 0, 1, 2, 6, 2, 3]
5.242880000000016E-5: [8, 4, 4, 0, 0, 0, 4, 0, 1, 2, 3]
5.242880000000016E-5: [8, 8, 4, 0, 0, 1, 1, 2, 6, 2, 3]
5.242880000000016E-5: [8, 4, 4, 0, 1, 2, 2, 2, 6, 2, 3]
5.2428799999999975E-5: [8, 4, 4, 0, 0, 1, 2, 6, 2, 2, 3]
5.242880000000016E-5: [8, 8, 4, 0, 1, 1, 2, 2, 6, 2, 3]
5.2428799999999975E-5: [8, 4, 4, 0, 1, 2, 6, 6, 2, 2, 3]
5.2428799999999975E-5: [8, 4, 4, 0, 1, 2, 2, 6, 2, 2, 3]
5.2428799999999975E-5: [8, 4, 0, 1, 1, 2, 2, 6, 2, 2, 3]
5.242880000000016E-5: [8, 4, 0, 0, 1, 1, 2, 6, 6, 2, 3]
5.242880000000016E-5: [8, 8, 4, 4, 0, 1, 2, 6, 6, 2, 3]
5.2428799999999975E-5: [8, 4, 0, 1, 1, 2, 6, 6, 2, 2, 3]
5.242880000000016E-5: [8, 9, 8, 4, 0, 1, 1, 2, 2, 2, 3]
5.242880000000016E-5: [8, 8, 4, 0, 1, 1, 2, 6, 6, 2, 3]
5.242880000000016E-5: [8, 4, 4, 0, 0, 1, 2, 6, 6, 2, 3]
5.242880000000016E-5: [8, 4, 4, 0, 1, 2, 6, 6, 6, 2, 3]
5.242880000000016E-5: [8, 4, 4, 0, 1, 2, 2, 6, 6, 2, 3]
5.242880000000016E-5: [8, 4, 0, 1, 1, 2, 2, 6, 6, 2, 3]
5.242880000000016E-5: [8, 4, 0, 1, 1, 2, 6, 6, 6, 2, 3]
5.2428799999999975E-5: [8, 4, 4, 0, 1, 2, 6, 2, 2, 2, 3]
5.2428799999999975E-5: [8, 4, 4, 0, 0, 1, 1, 1, 1, 2, 3]
5.2428799999999975E-5: [8, 4, 4, 0, 4, 0, 1, 2, 2, 2, 3]
5.2428799999999975E-5: [8, 4, 4, 0, 4, 0, 0, 1, 2, 2, 3]
5.242880000000016E-5: [8, 4, 4, 0, 4, 0, 0, 0, 1, 2, 3]
5.2428799999999975E-5: [8, 4, 4, 0, 1, 1, 1, 1, 2, 2, 3]
5.2428799999999975E-5: [8, 4, 0, 1, 1, 1, 1, 1, 2, 2, 3]
5.2428799999999975E-5: [8, 4, 0, 1, 1, 2, 6, 2, 2, 2, 3]
4.194304000000017E-5: [8, 8, 9, 8, 4, 0, 4, 0, 1, 1, 2, 3]
4.194304000000017E-5: [8, 9, 8, 4, 0, 4, 0, 0, 1, 1, 2, 3]
4.194304000000017E-5: [8, 4, 0, 4, 0, 4, 0, 0, 1, 1, 2, 3]
4.194304000000017E-5: [8, 9, 8, 9, 8, 8, 4, 0, 1, 1, 2, 3]
4.194304000000017E-5: [8, 9, 8, 4, 0, 0, 4, 0, 1, 1, 2, 3]
4.194304000000017E-5: [8, 8, 9, 8, 9, 8, 4, 0, 1, 1, 2, 3]
4.194304000000017E-5: [8, 9, 8, 9, 8, 8, 4, 4, 0, 1, 2, 3]
4.194304000000017E-5: [8, 9, 8, 4, 0, 0, 4, 4, 0, 1, 2, 3]
4.194304000000017E-5: [8, 8, 9, 8, 9, 8, 4, 4, 0, 1, 2, 3]
4.1943040000000316E-5: [8, 8, 9, 8, 9, 9, 8, 4, 0, 1, 2, 3]
4.194304000000017E-5: [8, 9, 8, 8, 9, 8, 4, 0, 1, 1, 2, 3]
4.194304000000017E-5: [8, 8, 4, 0, 4, 0, 4, 0, 1, 1, 2, 3]
4.194304000000017E-5: [8, 4, 0, 0, 4, 0, 4, 0, 1, 1, 2, 3]
4.194304000000017E-5: [8, 9, 8, 8, 9, 8, 4, 4, 0, 1, 2, 3]
4.1943040000000316E-5: [8, 9, 8, 8, 9, 9, 8, 4, 0, 1, 2, 3]
4.194304000000017E-5: [8, 8, 4, 0, 4, 0, 4, 4, 0, 1, 2, 3]
4.194304000000017E-5: [8, 4, 0, 0, 4, 0, 4, 4, 0, 1, 2, 3]
4.194304000000017E-5: [8, 4, 4, 4, 4, 0, 4, 0, 1, 1, 2, 3]
4.194304000000017E-5: [8, 4, 0, 4, 0, 0, 4, 0, 1, 1, 2, 3]
4.194304000000017E-5: [8, 4, 4, 4, 4, 0, 4, 4, 0, 1, 2, 3]
4.194304000000017E-5: [8, 4, 0, 4, 0, 0, 4, 4, 0, 1, 2, 3]
4.194304000000017E-5: [8, 9, 9, 9, 8, 4, 4, 0, 1, 1, 2, 3]
4.194304000000017E-5: [8, 4, 4, 4, 0, 4, 0, 1, 1, 1, 2, 3]
4.194304000000017E-5: [8, 9, 9, 9, 8, 4, 4, 4, 0, 1, 2, 3]
4.194304000000017E-5: [8, 4, 0, 4, 0, 1, 1, 1, 1, 1, 2, 3]
4.194304000000017E-5: [8, 9, 8, 8, 4, 0, 4, 0, 1, 1, 2, 3]
4.194304000000017E-5: [8, 9, 8, 9, 8, 4, 0, 0, 1, 1, 2, 3]
4.194304000000017E-5: [8, 9, 8, 8, 4, 0, 4, 4, 0, 1, 2, 3]
4.194304000000017E-5: [8, 4, 4, 4, 0, 4, 4, 0, 1, 1, 2, 3]
4.194304000000017E-5: [8, 9, 9, 9, 8, 4, 0, 1, 1, 1, 2, 3]
4.194304000000017E-5: [8, 4, 4, 4, 0, 4, 4, 4, 0, 1, 2, 3]
4.194304000000017E-5: [8, 9, 8, 4, 4, 0, 1, 1, 1, 1, 2, 3]
4.194304000000017E-5: [8, 9, 8, 4, 0, 1, 1, 1, 1, 1, 2, 3]
4.194304000000017E-5: [8, 9, 9, 8, 4, 4, 0, 1, 1, 1, 2, 3]
4.194304000000017E-5: [8, 9, 8, 4, 4, 4, 0, 1, 1, 1, 2, 3]
4.194304000000017E-5: [8, 4, 0, 4, 4, 0, 1, 1, 1, 1, 2, 3]
4.194304000000017E-5: [8, 9, 9, 8, 4, 0, 1, 1, 1, 1, 2, 3]
4.194304000000017E-5: [8, 4, 0, 4, 4, 4, 0, 1, 1, 1, 2, 3]
4.194304000000017E-5: [8, 9, 9, 8, 4, 4, 4, 0, 1, 1, 2, 3]
4.194304000000017E-5: [8, 4, 0, 4, 4, 4, 4, 0, 1, 1, 2, 3]
4.194304000000017E-5: [8, 9, 9, 8, 4, 4, 4, 4, 0, 1, 2, 3]
4.194304000000017E-5: [8, 4, 0, 4, 4, 4, 4, 4, 0, 1, 2, 3]
4.194304000000017E-5: [8, 9, 8, 4, 4, 4, 4, 0, 1, 1, 2, 3]
4.194304000000017E-5: [8, 9, 9, 9, 9, 8, 4, 0, 1, 1, 2, 3]
4.194304000000017E-5: [8, 9, 8, 4, 4, 4, 4, 4, 0, 1, 2, 3]
4.194304000000017E-5: [8, 9, 9, 9, 9, 8, 4, 4, 0, 1, 2, 3]
4.194304000000017E-5: [8, 9, 9, 9, 9, 9, 8, 4, 0, 1, 2, 3]
4.194304000000017E-5: [8, 8, 9, 8, 4, 0, 4, 4, 0, 1, 2, 3]
4.194304000000002E-5: [8, 9, 8, 4, 4, 0, 1, 2, 6, 2, 2, 3]
4.194304000000002E-5: [8, 9, 8, 4, 0, 1, 1, 2, 6, 2, 2, 3]
4.194304000000002E-5: [8, 4, 0, 4, 4, 0, 1, 2, 6, 2, 2, 3]
4.194304000000017E-5: [8, 9, 8, 4, 4, 0, 1, 2, 6, 6, 2, 3]
4.194304000000017E-5: [8, 9, 8, 4, 0, 1, 1, 2, 6, 6, 2, 3]
4.194304000000017E-5: [8, 4, 0, 4, 4, 0, 1, 2, 6, 6, 2, 3]
4.194304000000017E-5: [8, 4, 0, 4, 4, 0, 4, 0, 0, 1, 2, 3]
4.194304000000017E-5: [8, 9, 8, 4, 4, 0, 4, 0, 0, 1, 2, 3]
4.194304000000002E-5: [8, 4, 0, 4, 4, 0, 4, 0, 1, 2, 2, 3]
4.194304000000002E-5: [8, 9, 8, 4, 4, 0, 4, 0, 1, 2, 2, 3]
4.194304000000017E-5: [8, 9, 9, 8, 4, 0, 4, 0, 0, 1, 2, 3]
4.194304000000002E-5: [8, 9, 9, 8, 4, 0, 4, 0, 1, 2, 2, 3]
4.194304000000002E-5: [8, 9, 9, 8, 9, 8, 4, 0, 1, 2, 2, 3]
4.194304000000017E-5: [8, 9, 9, 8, 9, 8, 8, 4, 0, 1, 2, 3]
4.194304000000017E-5: [8, 9, 9, 8, 9, 8, 4, 0, 0, 1, 2, 3]
4.194304000000002E-5: [8, 4, 0, 4, 0, 1, 1, 2, 6, 2, 2, 3]
4.194304000000002E-5: [8, 9, 9, 8, 4, 0, 1, 2, 6, 2, 2, 3]
4.194304000000017E-5: [8, 4, 0, 4, 0, 1, 1, 2, 6, 6, 2, 3]
4.194304000000017E-5: [8, 9, 9, 8, 4, 0, 1, 2, 6, 6, 2, 3]
4.194304000000017E-5: [8, 9, 8, 4, 4, 0, 0, 1, 2, 6, 2, 3]
4.194304000000017E-5: [8, 9, 8, 4, 4, 0, 0, 4, 0, 1, 2, 3]
4.194304000000017E-5: [8, 9, 9, 8, 4, 0, 0, 1, 2, 6, 2, 3]
4.194304000000017E-5: [8, 9, 9, 8, 4, 0, 0, 4, 0, 1, 2, 3]
4.194304000000017E-5: [8, 9, 9, 8, 8, 4, 0, 4, 0, 1, 2, 3]
4.194304000000017E-5: [8, 9, 9, 8, 8, 4, 0, 1, 2, 6, 2, 3]
4.1943040000000316E-5: [8, 9, 9, 8, 8, 9, 8, 4, 0, 1, 2, 3]
4.194304000000017E-5: [8, 9, 8, 4, 4, 0, 1, 2, 2, 6, 2, 3]
4.194304000000017E-5: [8, 4, 0, 4, 4, 0, 0, 4, 0, 1, 2, 3]
4.194304000000017E-5: [8, 4, 0, 4, 4, 0, 0, 1, 2, 6, 2, 3]
4.194304000000017E-5: [8, 9, 9, 8, 4, 0, 1, 2, 2, 6, 2, 3]
4.194304000000017E-5: [8, 4, 0, 4, 0, 1, 1, 2, 2, 6, 2, 3]
4.194304000000017E-5: [8, 4, 0, 4, 4, 0, 1, 2, 2, 6, 2, 3]
4.194304000000017E-5: [8, 9, 8, 4, 0, 1, 1, 2, 2, 6, 2, 3]
4.194304000000002E-5: [8, 4, 4, 0, 4, 0, 1, 1, 1, 1, 2, 3]
4.194304000000002E-5: [8, 4, 0, 1, 1, 2, 6, 2, 6, 2, 2, 3]
4.194304000000017E-5: [8, 4, 0, 4, 0, 4, 4, 0, 0, 1, 2, 3]
4.194304000000002E-5: [8, 9, 8, 9, 8, 4, 0, 1, 1, 2, 2, 3]
4.194304000000002E-5: [8, 4, 0, 1, 1, 2, 6, 2, 6, 6, 2, 3]
4.194304000000002E-5: [8, 4, 0, 4, 0, 4, 0, 1, 1, 2, 2, 3]
4.194304000000002E-5: [8, 9, 8, 4, 0, 4, 0, 1, 1, 2, 2, 3]
4.194304000000017E-5: [8, 9, 8, 4, 0, 4, 4, 0, 0, 1, 2, 3]
4.194304000000002E-5: [8, 4, 0, 4, 0, 4, 4, 0, 1, 2, 2, 3]
4.194304000000002E-5: [8, 9, 8, 9, 9, 8, 4, 0, 1, 2, 2, 3]
4.194304000000017E-5: [8, 9, 8, 9, 9, 8, 8, 4, 0, 1, 2, 3]
4.194304000000017E-5: [8, 9, 8, 9, 9, 8, 4, 0, 0, 1, 2, 3]
4.194304000000002E-5: [8, 9, 8, 4, 0, 4, 4, 0, 1, 2, 2, 3]
4.194304000000017E-5: [8, 9, 8, 9, 8, 4, 4, 0, 0, 1, 2, 3]
4.194304000000002E-5: [8, 9, 8, 9, 8, 4, 4, 0, 1, 2, 2, 3]
4.194304000000002E-5: [8, 4, 4, 0, 4, 0, 4, 0, 0, 1, 2, 3]
4.194304000000002E-5: [8, 4, 4, 0, 4, 0, 4, 0, 1, 2, 2, 3]
4.194304000000002E-5: [8, 4, 4, 0, 1, 2, 6, 2, 6, 2, 2, 3]
4.194304000000002E-5: [8, 4, 4, 0, 4, 0, 1, 2, 6, 2, 2, 3]
4.194304000000002E-5: [8, 4, 4, 0, 1, 2, 6, 2, 6, 6, 2, 3]
4.194304000000002E-5: [8, 4, 4, 0, 4, 0, 1, 2, 6, 6, 2, 3]
4.194304000000017E-5: [8, 9, 8, 8, 4, 4, 0, 4, 0, 1, 2, 3]
4.194304000000017E-5: [8, 8, 4, 4, 0, 4, 0, 4, 0, 1, 2, 3]
4.194304000000002E-5: [8, 8, 4, 4, 0, 4, 0, 1, 2, 6, 2, 3]
4.194304000000002E-5: [8, 8, 9, 8, 4, 0, 1, 1, 2, 6, 2, 3]
4.194304000000002E-5: [8, 8, 4, 0, 4, 0, 1, 1, 2, 6, 2, 3]
4.194304000000002E-5: [8, 9, 8, 8, 4, 4, 0, 1, 2, 6, 2, 3]
4.194304000000002E-5: [8, 4, 4, 4, 0, 1, 1, 1, 2, 6, 2, 3]
4.194304000000002E-5: [8, 9, 8, 4, 0, 0, 1, 1, 2, 6, 2, 3]
4.194304000000017E-5: [8, 4, 4, 0, 0, 4, 0, 4, 0, 1, 2, 3]
4.194304000000017E-5: [8, 8, 9, 8, 4, 4, 0, 4, 0, 1, 2, 3]
4.194304000000002E-5: [8, 8, 9, 8, 4, 4, 0, 1, 2, 6, 2, 3]
4.194304000000002E-5: [8, 4, 4, 4, 4, 0, 1, 1, 2, 6, 2, 3]
4.194304000000002E-5: [8, 4, 0, 0, 4, 0, 1, 1, 2, 6, 2, 3]
4.194304000000017E-5: [8, 8, 4, 0, 4, 4, 0, 4, 0, 1, 2, 3]
4.194304000000002E-5: [8, 4, 4, 0, 4, 4, 0, 1, 1, 1, 2, 3]
4.194304000000002E-5: [8, 4, 4, 0, 0, 4, 0, 1, 2, 6, 2, 3]
4.194304000000002E-5: [8, 4, 4, 0, 4, 4, 4, 0, 1, 1, 2, 3]
4.194304000000017E-5: [8, 4, 4, 4, 4, 4, 0, 4, 0, 1, 2, 3]
4.194304000000017E-5: [8, 4, 4, 0, 4, 4, 4, 4, 0, 1, 2, 3]
4.194304000000002E-5: [8, 8, 4, 0, 4, 4, 0, 1, 2, 6, 2, 3]
4.194304000000002E-5: [8, 4, 4, 4, 4, 4, 0, 1, 2, 6, 2, 3]
4.194304000000002E-5: [8, 4, 0, 0, 1, 1, 2, 6, 2, 6, 2, 3]
4.194304000000002E-5: [8, 8, 9, 9, 8, 4, 0, 1, 2, 6, 2, 3]
4.194304000000017E-5: [8, 8, 9, 9, 8, 9, 8, 4, 0, 1, 2, 3]
4.194304000000017E-5: [8, 8, 9, 9, 8, 4, 0, 4, 0, 1, 2, 3]
4.194304000000002E-5: [8, 4, 0, 4, 0, 0, 1, 1, 2, 6, 2, 3]
4.194304000000002E-5: [8, 9, 8, 8, 4, 0, 1, 1, 2, 6, 2, 3]
4.194304000000017E-5: [8, 4, 0, 0, 4, 4, 0, 4, 0, 1, 2, 3]
4.194304000000002E-5: [8, 8, 4, 4, 0, 1, 2, 6, 2, 6, 2, 3]
4.194304000000002E-5: [8, 4, 0, 0, 4, 4, 0, 1, 2, 6, 2, 3]
4.194304000000002E-5: [8, 8, 4, 0, 1, 1, 2, 6, 2, 6, 2, 3]
4.194304000000002E-5: [8, 4, 4, 0, 0, 1, 2, 6, 2, 6, 2, 3]
4.194304000000002E-5: [8, 4, 4, 0, 1, 2, 6, 6, 2, 6, 2, 3]
4.194304000000002E-5: [8, 4, 4, 0, 1, 2, 2, 6, 2, 6, 2, 3]
4.194304000000002E-5: [8, 4, 0, 1, 1, 2, 2, 6, 2, 6, 2, 3]
4.194304000000002E-5: [8, 4, 0, 1, 1, 2, 6, 6, 2, 6, 2, 3]
4.194304000000002E-5: [8, 4, 4, 0, 1, 2, 6, 2, 2, 6, 2, 3]
4.194304000000002E-5: [8, 4, 4, 0, 4, 0, 0, 1, 2, 6, 2, 3]
4.194304000000017E-5: [8, 4, 4, 0, 4, 0, 0, 4, 0, 1, 2, 3]
4.194304000000002E-5: [8, 4, 4, 0, 1, 1, 1, 1, 2, 6, 2, 3]
4.194304000000002E-5: [8, 4, 4, 0, 4, 0, 1, 2, 2, 6, 2, 3]
4.194304000000002E-5: [8, 4, 0, 1, 1, 2, 6, 2, 2, 6, 2, 3]
4.194304000000002E-5: [8, 4, 0, 1, 1, 1, 1, 1, 2, 6, 2, 3]
3.355443200000016E-5: [8, 4, 0, 4, 0, 4, 0, 4, 0, 1, 1, 2, 3]
3.355443200000016E-5: [8, 9, 8, 9, 8, 4, 0, 4, 0, 1, 1, 2, 3]
3.355443200000016E-5: [8, 4, 0, 4, 0, 4, 0, 4, 4, 0, 1, 2, 3]
3.355443200000016E-5: [8, 9, 8, 9, 8, 4, 0, 4, 4, 0, 1, 2, 3]
3.355443200000016E-5: [8, 9, 8, 4, 0, 4, 0, 4, 0, 1, 1, 2, 3]
3.355443200000016E-5: [8, 9, 8, 9, 8, 9, 8, 4, 0, 1, 1, 2, 3]
3.355443200000016E-5: [8, 9, 8, 4, 0, 4, 0, 4, 4, 0, 1, 2, 3]
3.355443200000016E-5: [8, 9, 8, 9, 8, 9, 8, 4, 4, 0, 1, 2, 3]
3.355443200000016E-5: [8, 9, 8, 9, 8, 9, 9, 8, 4, 0, 1, 2, 3]
3.355443200000016E-5: [8, 9, 9, 8, 4, 0, 4, 0, 4, 0, 1, 2, 3]
3.355443200000016E-5: [8, 9, 9, 8, 9, 8, 4, 0, 4, 0, 1, 2, 3]
3.355443200000005E-5: [8, 4, 0, 4, 0, 1, 1, 2, 6, 2, 6, 2, 3]
3.355443200000005E-5: [8, 4, 0, 4, 4, 0, 1, 2, 6, 2, 6, 2, 3]
3.355443200000005E-5: [8, 4, 0, 4, 4, 0, 4, 0, 1, 2, 6, 2, 3]
3.355443200000005E-5: [8, 9, 9, 8, 4, 0, 1, 2, 6, 2, 6, 2, 3]
3.355443200000005E-5: [8, 9, 8, 4, 0, 1, 1, 2, 6, 2, 6, 2, 3]
3.355443200000016E-5: [8, 9, 9, 8, 9, 8, 9, 8, 4, 0, 1, 2, 3]
3.355443200000005E-5: [8, 9, 8, 9, 8, 4, 0, 1, 1, 2, 6, 2, 3]
3.355443200000005E-5: [8, 4, 0, 4, 0, 4, 0, 1, 1, 2, 6, 2, 3]
3.355443200000005E-5: [8, 9, 8, 4, 0, 4, 0, 1, 1, 2, 6, 2, 3]
3.355443200000016E-5: [8, 9, 8, 4, 0, 4, 4, 0, 4, 0, 1, 2, 3]
3.355443200000005E-5: [8, 4, 0, 4, 0, 4, 4, 0, 1, 2, 6, 2, 3]
3.355443200000005E-5: [8, 9, 8, 9, 9, 8, 4, 0, 1, 2, 6, 2, 3]
3.355443200000016E-5: [8, 9, 8, 9, 9, 8, 9, 8, 4, 0, 1, 2, 3]
3.355443200000016E-5: [8, 9, 8, 9, 9, 8, 4, 0, 4, 0, 1, 2, 3]
3.355443200000005E-5: [8, 9, 8, 4, 0, 4, 4, 0, 1, 2, 6, 2, 3]
3.355443200000016E-5: [8, 9, 8, 9, 8, 4, 4, 0, 4, 0, 1, 2, 3]
3.355443200000005E-5: [8, 9, 8, 9, 8, 4, 4, 0, 1, 2, 6, 2, 3]
3.355443200000005E-5: [8, 9, 9, 8, 9, 8, 4, 0, 1, 2, 6, 2, 3]
3.355443200000016E-5: [8, 9, 8, 4, 4, 0, 4, 0, 4, 0, 1, 2, 3]
3.355443200000016E-5: [8, 4, 0, 4, 0, 4, 4, 0, 4, 0, 1, 2, 3]
3.355443200000005E-5: [8, 9, 9, 8, 4, 0, 4, 0, 1, 2, 6, 2, 3]
3.355443200000016E-5: [8, 4, 0, 4, 4, 0, 4, 0, 4, 0, 1, 2, 3]
3.355443200000005E-5: [8, 9, 8, 4, 4, 0, 4, 0, 1, 2, 6, 2, 3]
3.355443200000005E-5: [8, 9, 8, 4, 4, 0, 1, 2, 6, 2, 6, 2, 3]
3.355443200000005E-5: [8, 4, 0, 1, 1, 2, 6, 2, 6, 2, 6, 2, 3]
3.355443200000005E-5: [8, 4, 4, 0, 4, 0, 4, 0, 4, 0, 1, 2, 3]
3.355443200000005E-5: [8, 4, 4, 0, 4, 0, 4, 0, 1, 2, 6, 2, 3]
3.355443200000005E-5: [8, 4, 4, 0, 1, 2, 6, 2, 6, 2, 6, 2, 3]
3.355443200000005E-5: [8, 4, 4, 0, 4, 0, 1, 2, 6, 2, 6, 2, 3]
3.276800000000001E-5: [8, 4, 0, 0, 1, 2, 2, 2, 2, 3]
3.276800000000001E-5: [8, 8, 8, 4, 0, 1, 2, 2, 2, 3]
3.276800000000001E-5: [8, 4, 0, 0, 0, 1, 2, 2, 2, 3]
3.276800000000001E-5: [8, 4, 0, 1, 2, 2, 2, 2, 2, 3]
3.276800000000001E-5: [8, 8, 4, 0, 1, 2, 2, 2, 2, 3]
3.276800000000001E-5: [8, 4, 0, 0, 0, 0, 1, 2, 2, 3]
3.2768000000000124E-5: [8, 4, 0, 0, 0, 0, 0, 1, 2, 3]
3.2768000000000124E-5: [8, 8, 8, 8, 4, 0, 0, 1, 2, 3]
3.276800000000001E-5: [8, 8, 4, 0, 0, 0, 1, 2, 2, 3]
3.2768000000000124E-5: [8, 8, 4, 0, 0, 0, 0, 1, 2, 3]
3.276800000000001E-5: [8, 8, 8, 4, 0, 0, 1, 2, 2, 3]
3.2768000000000124E-5: [8, 8, 8, 4, 0, 0, 0, 1, 2, 3]
3.276800000000001E-5: [8, 8, 8, 8, 4, 0, 1, 2, 2, 3]
3.2768000000000124E-5: [8, 8, 8, 8, 8, 4, 0, 1, 2, 3]
3.276800000000001E-5: [8, 8, 4, 0, 0, 1, 2, 2, 2, 3]
2.6214400000000123E-5: [8, 8, 8, 4, 4, 4, 0, 1, 1, 2, 3]
2.6214400000000123E-5: [8, 8, 4, 4, 4, 0, 0, 1, 1, 2, 3]
2.6214400000000123E-5: [8, 8, 8, 4, 4, 4, 4, 0, 1, 2, 3]
2.6214400000000123E-5: [8, 4, 4, 4, 0, 0, 0, 1, 1, 2, 3]
2.621440000000003E-5: [8, 9, 8, 4, 0, 0, 1, 2, 2, 2, 3]
2.621440000000003E-5: [8, 4, 0, 4, 0, 0, 1, 2, 2, 2, 3]
2.621440000000003E-5: [8, 9, 8, 8, 4, 0, 1, 2, 2, 2, 3]
2.621440000000003E-5: [8, 4, 4, 4, 0, 1, 1, 2, 2, 2, 3]
2.621440000000003E-5: [8, 8, 4, 0, 0, 1, 2, 6, 2, 2, 3]
2.621440000000003E-5: [8, 8, 4, 0, 1, 2, 6, 2, 2, 2, 3]
2.621440000000003E-5: [8, 9, 8, 4, 0, 1, 2, 2, 2, 2, 3]
2.621440000000003E-5: [8, 4, 0, 1, 2, 2, 2, 6, 2, 2, 3]
2.621440000000003E-5: [8, 4, 0, 0, 1, 2, 6, 2, 2, 2, 3]
2.621440000000003E-5: [8, 8, 4, 0, 1, 2, 2, 6, 2, 2, 3]
2.621440000000003E-5: [8, 4, 0, 1, 2, 6, 2, 2, 2, 2, 3]
2.621440000000003E-5: [8, 4, 0, 0, 0, 1, 2, 6, 2, 2, 3]
2.621440000000003E-5: [8, 8, 8, 4, 0, 1, 2, 6, 2, 2, 3]
2.621440000000003E-5: [8, 4, 0, 0, 1, 2, 2, 6, 2, 2, 3]
2.621440000000003E-5: [8, 4, 0, 1, 2, 2, 6, 2, 2, 2, 3]
2.621440000000003E-5: [8, 4, 0, 1, 2, 6, 6, 2, 2, 2, 3]
2.621440000000003E-5: [8, 4, 0, 1, 2, 2, 6, 6, 2, 2, 3]
2.621440000000003E-5: [8, 8, 4, 0, 0, 1, 2, 6, 6, 2, 3]
2.621440000000003E-5: [8, 4, 0, 1, 2, 2, 2, 6, 6, 2, 3]
2.621440000000003E-5: [8, 8, 4, 0, 1, 2, 2, 6, 6, 2, 3]
2.621440000000003E-5: [8, 4, 0, 0, 0, 1, 2, 6, 6, 2, 3]
2.621440000000003E-5: [8, 8, 8, 4, 0, 1, 2, 6, 6, 2, 3]
2.621440000000003E-5: [8, 4, 0, 0, 1, 2, 2, 6, 6, 2, 3]
2.621440000000003E-5: [8, 4, 0, 1, 2, 2, 6, 6, 6, 2, 3]
2.621440000000003E-5: [8, 4, 0, 0, 1, 2, 6, 6, 2, 2, 3]
2.621440000000003E-5: [8, 4, 0, 4, 0, 1, 2, 2, 2, 2, 3]
2.621440000000003E-5: [8, 4, 0, 0, 1, 2, 6, 6, 6, 2, 3]
2.621440000000003E-5: [8, 4, 0, 0, 4, 0, 1, 2, 2, 2, 3]
2.621440000000003E-5: [8, 8, 8, 4, 0, 4, 0, 0, 1, 2, 3]
2.621440000000003E-5: [8, 4, 0, 0, 0, 4, 0, 0, 1, 2, 3]
2.621440000000003E-5: [8, 9, 8, 4, 0, 0, 0, 1, 2, 2, 3]
2.6214400000000123E-5: [8, 9, 8, 4, 0, 0, 0, 0, 1, 2, 3]
2.6214400000000123E-5: [8, 9, 8, 8, 8, 4, 0, 0, 1, 2, 3]
2.621440000000003E-5: [8, 8, 4, 0, 0, 4, 0, 0, 1, 2, 3]
2.621440000000003E-5: [8, 8, 4, 4, 4, 0, 1, 1, 2, 2, 3]
2.621440000000003E-5: [8, 8, 4, 4, 4, 4, 0, 0, 1, 2, 3]
2.621440000000003E-5: [8, 4, 0, 0, 1, 1, 1, 1, 2, 2, 3]
2.621440000000003E-5: [8, 8, 4, 0, 4, 0, 0, 1, 2, 2, 3]
2.6214400000000123E-5: [8, 8, 4, 0, 4, 0, 0, 0, 1, 2, 3]
2.621440000000003E-5: [8, 4, 4, 4, 4, 0, 0, 1, 2, 2, 3]
2.6214400000000123E-5: [8, 4, 4, 4, 4, 0, 0, 0, 1, 2, 3]
2.621440000000003E-5: [8, 4, 0, 0, 4, 0, 0, 1, 2, 2, 3]
2.6214400000000123E-5: [8, 4, 0, 0, 4, 0, 0, 0, 1, 2, 3]
2.621440000000003E-5: [8, 4, 0, 4, 0, 0, 0, 1, 2, 2, 3]
2.6214400000000123E-5: [8, 4, 0, 4, 0, 0, 0, 0, 1, 2, 3]
2.621440000000003E-5: [8, 8, 4, 0, 1, 1, 1, 1, 2, 2, 3]
2.621440000000003E-5: [8, 8, 8, 4, 0, 4, 0, 1, 2, 2, 3]
2.621440000000003E-5: [8, 4, 0, 0, 0, 4, 0, 1, 2, 2, 3]
2.621440000000003E-5: [8, 9, 8, 8, 8, 4, 0, 1, 2, 2, 3]
2.6214400000000123E-5: [8, 9, 8, 8, 8, 8, 4, 0, 1, 2, 3]
2.621440000000003E-5: [8, 8, 8, 9, 8, 4, 0, 1, 2, 2, 3]
2.6214400000000123E-5: [8, 8, 8, 9, 8, 8, 4, 0, 1, 2, 3]
2.621440000000003E-5: [8, 8, 8, 9, 8, 4, 0, 0, 1, 2, 3]
2.621440000000003E-5: [8, 8, 4, 0, 0, 4, 0, 1, 2, 2, 3]
2.621440000000003E-5: [8, 8, 4, 4, 4, 4, 0, 1, 2, 2, 3]
2.621440000000003E-5: [8, 8, 4, 4, 0, 1, 1, 1, 2, 2, 3]
2.621440000000003E-5: [8, 9, 8, 8, 4, 0, 0, 1, 2, 2, 3]
2.6214400000000123E-5: [8, 9, 8, 8, 4, 0, 0, 0, 1, 2, 3]
2.621440000000003E-5: [8, 4, 4, 4, 0, 0, 1, 1, 2, 2, 3]
2.621440000000003E-5: [8, 8, 9, 8, 4, 0, 0, 1, 2, 2, 3]
2.621440000000003E-5: [8, 8, 9, 8, 4, 0, 1, 2, 2, 2, 3]
2.6214400000000123E-5: [8, 8, 9, 8, 4, 0, 0, 0, 1, 2, 3]
2.621440000000003E-5: [8, 4, 0, 1, 2, 6, 6, 6, 2, 2, 3]
2.621440000000003E-5: [8, 8, 9, 8, 8, 4, 0, 1, 2, 2, 3]
2.621440000000003E-5: [8, 4, 0, 1, 2, 6, 6, 6, 6, 2, 3]
2.6214400000000123E-5: [8, 8, 9, 8, 8, 4, 0, 0, 1, 2, 3]
2.6214400000000123E-5: [8, 8, 9, 8, 8, 8, 4, 0, 1, 2, 3]
2.621440000000003E-5: [8, 8, 4, 0, 1, 2, 6, 6, 2, 2, 3]
2.621440000000003E-5: [8, 8, 4, 0, 4, 0, 1, 2, 2, 2, 3]
2.621440000000003E-5: [8, 8, 4, 0, 1, 2, 6, 6, 6, 2, 3]
2.621440000000003E-5: [8, 4, 4, 4, 4, 0, 1, 2, 2, 2, 3]
2.621440000000003E-5: [8, 8, 4, 4, 0, 0, 1, 1, 1, 2, 3]
2.621440000000003E-5: [8, 4, 0, 1, 2, 2, 2, 2, 6, 2, 3]
2.621440000000003E-5: [8, 8, 4, 0, 1, 2, 2, 2, 6, 2, 3]
2.621440000000003E-5: [8, 4, 0, 0, 0, 0, 1, 2, 6, 2, 3]
2.6214400000000123E-5: [8, 4, 0, 0, 0, 0, 4, 0, 1, 2, 3]
2.6214400000000123E-5: [8, 8, 8, 8, 4, 0, 4, 0, 1, 2, 3]
2.621440000000003E-5: [8, 8, 4, 0, 0, 0, 1, 2, 6, 2, 3]
2.621440000000003E-5: [8, 8, 8, 4, 0, 0, 1, 2, 6, 2, 3]
2.6214400000000123E-5: [8, 8, 8, 4, 0, 0, 4, 0, 1, 2, 3]
2.621440000000003E-5: [8, 8, 8, 8, 4, 0, 1, 2, 6, 2, 3]
2.6214400000000123E-5: [8, 8, 4, 0, 0, 0, 4, 0, 1, 2, 3]
2.621440000000003E-5: [8, 8, 4, 0, 0, 1, 2, 2, 6, 2, 3]
2.6214400000000123E-5: [8, 8, 8, 8, 9, 8, 4, 0, 1, 2, 3]
2.621440000000003E-5: [8, 8, 8, 4, 0, 1, 2, 2, 6, 2, 3]
2.621440000000003E-5: [8, 4, 4, 0, 0, 0, 1, 1, 1, 2, 3]
2.621440000000003E-5: [8, 8, 8, 4, 0, 1, 1, 1, 1, 2, 3]
2.621440000000003E-5: [8, 4, 0, 0, 0, 1, 1, 1, 1, 2, 3]
2.621440000000003E-5: [8, 4, 0, 0, 0, 1, 2, 2, 6, 2, 3]
2.621440000000003E-5: [8, 4, 0, 0, 1, 2, 2, 2, 6, 2, 3]
2.621440000000003E-5: [8, 8, 8, 4, 4, 0, 1, 1, 1, 2, 3]
2.621440000000003E-5: [8, 8, 4, 0, 0, 1, 1, 1, 1, 2, 3]
2.621440000000003E-5: [8, 4, 4, 0, 1, 1, 1, 2, 2, 2, 3]
2.621440000000003E-5: [8, 4, 0, 1, 1, 1, 1, 2, 2, 2, 3]
2.621440000000003E-5: [8, 4, 4, 0, 0, 1, 1, 1, 2, 2, 3]
2.0971520000000117E-5: [8, 9, 9, 8, 8, 4, 4, 0, 1, 1, 2, 3]
2.0971520000000117E-5: [8, 8, 9, 9, 8, 4, 4, 0, 1, 1, 2, 3]
2.0971520000000117E-5: [8, 4, 0, 0, 4, 4, 4, 0, 1, 1, 2, 3]
2.0971520000000117E-5: [8, 8, 9, 9, 9, 8, 4, 0, 1, 1, 2, 3]
2.0971520000000117E-5: [8, 8, 4, 4, 0, 4, 4, 0, 1, 1, 2, 3]
2.0971520000000117E-5: [8, 9, 8, 8, 4, 4, 4, 0, 1, 1, 2, 3]
2.0971520000000117E-5: [8, 9, 9, 8, 8, 4, 4, 4, 0, 1, 2, 3]
2.0971520000000117E-5: [8, 8, 9, 9, 8, 4, 4, 4, 0, 1, 2, 3]
2.0971520000000117E-5: [8, 4, 0, 0, 4, 4, 4, 4, 0, 1, 2, 3]
2.0971520000000117E-5: [8, 8, 9, 9, 9, 8, 4, 4, 0, 1, 2, 3]
2.0971520000000117E-5: [8, 8, 9, 9, 9, 9, 8, 4, 0, 1, 2, 3]
2.0971520000000117E-5: [8, 8, 4, 4, 0, 4, 4, 4, 0, 1, 2, 3]
2.0971520000000117E-5: [8, 4, 4, 4, 0, 0, 4, 0, 1, 1, 2, 3]
2.0971520000000117E-5: [8, 4, 4, 0, 0, 4, 4, 0, 1, 1, 2, 3]
2.0971520000000117E-5: [8, 9, 8, 8, 4, 4, 4, 4, 0, 1, 2, 3]
2.0971520000000117E-5: [8, 8, 9, 8, 4, 4, 4, 0, 1, 1, 2, 3]
2.0971520000000117E-5: [8, 4, 4, 4, 0, 0, 4, 4, 0, 1, 2, 3]
2.0971520000000117E-5: [8, 4, 4, 0, 0, 4, 4, 4, 0, 1, 2, 3]
2.0971520000000117E-5: [8, 8, 9, 8, 4, 4, 4, 4, 0, 1, 2, 3]
2.0971520000000117E-5: [8, 8, 4, 0, 4, 4, 4, 0, 1, 1, 2, 3]
2.0971520000000117E-5: [8, 4, 4, 4, 4, 4, 4, 0, 1, 1, 2, 3]
2.0971520000000117E-5: [8, 9, 9, 9, 8, 8, 4, 0, 1, 1, 2, 3]
2.0971520000000117E-5: [8, 8, 4, 0, 4, 4, 4, 4, 0, 1, 2, 3]
2.0971520000000117E-5: [8, 4, 4, 4, 4, 4, 4, 4, 0, 1, 2, 3]
2.0971520000000117E-5: [8, 9, 9, 9, 8, 8, 4, 4, 0, 1, 2, 3]
2.0971520000000117E-5: [8, 8, 4, 4, 4, 0, 4, 0, 1, 1, 2, 3]
2.0971520000000117E-5: [8, 8, 4, 4, 4, 0, 4, 4, 0, 1, 2, 3]
2.0971520000000046E-5: [8, 4, 0, 4, 0, 4, 0, 0, 1, 2, 2, 3]
2.0971520000000046E-5: [8, 4, 0, 4, 0, 4, 0, 0, 0, 1, 2, 3]
2.0971520000000046E-5: [8, 9, 8, 4, 0, 4, 0, 0, 1, 2, 2, 3]
2.0971520000000046E-5: [8, 9, 8, 9, 8, 8, 4, 0, 0, 1, 2, 3]
2.0971520000000046E-5: [8, 9, 8, 4, 0, 0, 1, 2, 6, 2, 2, 3]
2.0971520000000046E-5: [8, 9, 8, 4, 0, 0, 4, 0, 0, 1, 2, 3]
2.0971520000000046E-5: [8, 9, 8, 9, 8, 8, 4, 0, 1, 2, 2, 3]
2.0971520000000117E-5: [8, 9, 8, 9, 8, 8, 8, 4, 0, 1, 2, 3]
2.0971520000000046E-5: [8, 9, 8, 4, 0, 0, 4, 0, 1, 2, 2, 3]
2.0971520000000046E-5: [8, 8, 9, 8, 9, 8, 4, 0, 1, 2, 2, 3]
2.0971520000000117E-5: [8, 8, 9, 8, 9, 8, 8, 4, 0, 1, 2, 3]
2.0971520000000046E-5: [8, 8, 9, 8, 9, 8, 4, 0, 0, 1, 2, 3]
2.0971520000000046E-5: [8, 8, 4, 0, 4, 0, 4, 0, 0, 1, 2, 3]
2.0971520000000046E-5: [8, 4, 0, 0, 4, 0, 4, 0, 0, 1, 2, 3]
2.0971520000000046E-5: [8, 9, 8, 8, 9, 8, 4, 0, 1, 2, 2, 3]
2.0971520000000117E-5: [8, 9, 8, 8, 9, 8, 8, 4, 0, 1, 2, 3]
2.0971520000000046E-5: [8, 8, 4, 0, 4, 0, 4, 0, 1, 2, 2, 3]
2.0971520000000046E-5: [8, 9, 8, 8, 9, 8, 4, 0, 0, 1, 2, 3]
2.0971520000000046E-5: [8, 4, 0, 0, 4, 0, 4, 0, 1, 2, 2, 3]
2.0971520000000046E-5: [8, 4, 4, 4, 4, 0, 4, 0, 0, 1, 2, 3]
2.0971520000000046E-5: [8, 4, 0, 4, 0, 0, 4, 0, 0, 1, 2, 3]
2.0971520000000046E-5: [8, 4, 4, 4, 4, 0, 4, 0, 1, 2, 2, 3]
2.0971520000000046E-5: [8, 4, 0, 4, 0, 0, 4, 0, 1, 2, 2, 3]
2.0971520000000046E-5: [8, 9, 9, 9, 8, 4, 4, 0, 0, 1, 2, 3]
2.0971520000000046E-5: [8, 4, 4, 4, 0, 4, 0, 1, 1, 2, 2, 3]
2.0971520000000046E-5: [8, 4, 0, 4, 0, 1, 1, 1, 1, 2, 2, 3]
2.0971520000000046E-5: [8, 9, 9, 9, 8, 4, 4, 0, 1, 2, 2, 3]
2.0971520000000046E-5: [8, 9, 8, 8, 4, 0, 4, 0, 0, 1, 2, 3]
2.0971520000000046E-5: [8, 9, 8, 9, 8, 4, 0, 0, 0, 1, 2, 3]
2.0971520000000046E-5: [8, 9, 8, 9, 8, 4, 0, 0, 1, 2, 2, 3]
2.0971520000000046E-5: [8, 9, 8, 8, 4, 0, 4, 0, 1, 2, 2, 3]
2.0971520000000046E-5: [8, 4, 4, 4, 0, 4, 4, 0, 0, 1, 2, 3]
2.0971520000000046E-5: [8, 9, 9, 9, 8, 4, 0, 1, 1, 2, 2, 3]
2.0971520000000046E-5: [8, 4, 4, 4, 0, 4, 4, 0, 1, 2, 2, 3]
2.0971520000000046E-5: [8, 9, 8, 4, 4, 0, 1, 1, 1, 2, 2, 3]
2.0971520000000046E-5: [8, 9, 8, 4, 0, 1, 1, 1, 1, 2, 2, 3]
2.0971520000000046E-5: [8, 9, 9, 8, 4, 4, 0, 1, 1, 2, 2, 3]
2.0971520000000046E-5: [8, 9, 8, 4, 4, 4, 0, 1, 1, 2, 2, 3]
2.0971520000000046E-5: [8, 4, 0, 4, 4, 0, 1, 1, 1, 2, 2, 3]
2.0971520000000046E-5: [8, 4, 0, 4, 4, 4, 0, 1, 1, 2, 2, 3]
2.0971520000000046E-5: [8, 9, 9, 8, 4, 0, 1, 1, 1, 2, 2, 3]
2.0971520000000046E-5: [8, 9, 9, 8, 4, 4, 4, 0, 0, 1, 2, 3]
2.0971520000000046E-5: [8, 4, 0, 4, 4, 4, 4, 0, 0, 1, 2, 3]
2.0971520000000046E-5: [8, 9, 9, 8, 4, 4, 4, 0, 1, 2, 2, 3]
2.0971520000000046E-5: [8, 4, 0, 4, 4, 4, 4, 0, 1, 2, 2, 3]
2.0971520000000046E-5: [8, 9, 8, 4, 4, 4, 4, 0, 0, 1, 2, 3]
2.0971520000000046E-5: [8, 9, 9, 9, 9, 8, 4, 0, 1, 2, 2, 3]
2.0971520000000117E-5: [8, 9, 9, 9, 9, 8, 8, 4, 0, 1, 2, 3]
2.0971520000000046E-5: [8, 9, 9, 9, 9, 8, 4, 0, 0, 1, 2, 3]
2.0971520000000046E-5: [8, 8, 9, 8, 4, 0, 4, 0, 1, 2, 2, 3]
2.0971520000000046E-5: [8, 9, 8, 4, 4, 4, 4, 0, 1, 2, 2, 3]
2.0971520000000046E-5: [8, 4, 0, 1, 2, 6, 2, 6, 6, 2, 2, 3]
2.0971520000000046E-5: [8, 9, 8, 4, 0, 1, 2, 6, 6, 2, 2, 3]
2.0971520000000046E-5: [8, 4, 0, 1, 2, 6, 2, 2, 6, 2, 2, 3]
2.0971520000000046E-5: [8, 8, 4, 0, 1, 2, 6, 2, 6, 2, 2, 3]
2.0971520000000046E-5: [8, 4, 4, 4, 0, 1, 1, 2, 6, 2, 2, 3]
2.0971520000000046E-5: [8, 4, 0, 1, 2, 2, 6, 2, 6, 2, 2, 3]
2.0971520000000046E-5: [8, 4, 0, 0, 1, 2, 6, 2, 6, 2, 2, 3]
2.0971520000000046E-5: [8, 4, 0, 4, 0, 1, 2, 2, 6, 2, 2, 3]
2.0971520000000046E-5: [8, 8, 9, 8, 4, 0, 1, 2, 6, 2, 2, 3]
2.0971520000000046E-5: [8, 4, 0, 1, 2, 6, 6, 2, 6, 2, 2, 3]
2.0971520000000046E-5: [8, 9, 8, 4, 0, 1, 2, 2, 6, 2, 2, 3]
2.0971520000000046E-5: [8, 8, 4, 0, 4, 0, 1, 2, 6, 2, 2, 3]
2.0971520000000046E-5: [8, 9, 8, 4, 0, 4, 0, 0, 0, 1, 2, 3]
2.0971520000000046E-5: [8, 4, 0, 0, 4, 0, 1, 2, 6, 2, 2, 3]
2.0971520000000046E-5: [8, 9, 8, 8, 4, 0, 1, 2, 6, 2, 2, 3]
2.0971520000000046E-5: [8, 4, 4, 4, 4, 0, 1, 2, 6, 2, 2, 3]
2.0971520000000046E-5: [8, 4, 0, 4, 0, 1, 2, 6, 6, 2, 2, 3]
2.0971520000000046E-5: [8, 9, 8, 4, 0, 0, 1, 2, 6, 6, 2, 3]
2.0971520000000046E-5: [8, 4, 0, 4, 0, 0, 1, 2, 6, 2, 2, 3]
2.0971520000000046E-5: [8, 4, 0, 1, 2, 6, 2, 6, 6, 6, 2, 3]
2.0971520000000046E-5: [8, 9, 8, 4, 0, 1, 2, 6, 6, 6, 2, 3]
2.0971520000000046E-5: [8, 4, 0, 1, 2, 6, 2, 2, 6, 6, 2, 3]
2.0971520000000046E-5: [8, 8, 4, 0, 1, 2, 6, 2, 6, 6, 2, 3]
2.0971520000000046E-5: [8, 4, 4, 4, 0, 1, 1, 2, 6, 6, 2, 3]
2.0971520000000046E-5: [8, 4, 0, 1, 2, 2, 6, 2, 6, 6, 2, 3]
2.0971520000000046E-5: [8, 4, 0, 0, 1, 2, 6, 2, 6, 6, 2, 3]
2.0971520000000046E-5: [8, 4, 0, 4, 0, 1, 2, 2, 6, 6, 2, 3]
2.0971520000000046E-5: [8, 8, 9, 8, 4, 0, 1, 2, 6, 6, 2, 3]
2.0971520000000046E-5: [8, 4, 0, 1, 2, 6, 6, 2, 6, 6, 2, 3]
2.0971520000000046E-5: [8, 9, 8, 4, 0, 1, 2, 2, 6, 6, 2, 3]
2.0971520000000046E-5: [8, 8, 4, 0, 4, 0, 1, 2, 6, 6, 2, 3]
2.0971520000000046E-5: [8, 4, 0, 0, 4, 0, 1, 2, 6, 6, 2, 3]
2.0971520000000046E-5: [8, 9, 8, 8, 4, 0, 1, 2, 6, 6, 2, 3]
2.0971520000000046E-5: [8, 4, 4, 4, 4, 0, 1, 2, 6, 6, 2, 3]
2.0971520000000046E-5: [8, 4, 0, 4, 0, 1, 2, 6, 6, 6, 2, 3]
2.0971520000000046E-5: [8, 4, 0, 4, 0, 0, 1, 2, 6, 6, 2, 3]
2.0971520000000046E-5: [8, 8, 9, 8, 4, 0, 4, 0, 0, 1, 2, 3]
2.0971520000000046E-5: [8, 9, 9, 8, 8, 4, 0, 1, 1, 1, 2, 3]
2.0971520000000046E-5: [8, 9, 8, 4, 4, 0, 0, 1, 1, 1, 2, 3]
2.0971520000000046E-5: [8, 9, 9, 8, 4, 0, 0, 1, 1, 1, 2, 3]
2.0971520000000046E-5: [8, 8, 9, 8, 4, 4, 0, 1, 1, 1, 2, 3]
2.0971520000000046E-5: [8, 9, 8, 8, 4, 4, 0, 1, 1, 1, 2, 3]
2.0971520000000046E-5: [8, 8, 4, 4, 0, 4, 0, 1, 1, 1, 2, 3]
2.0971520000000046E-5: [8, 4, 4, 0, 0, 4, 0, 1, 1, 1, 2, 3]
2.0971520000000046E-5: [8, 4, 4, 4, 4, 4, 0, 1, 1, 1, 2, 3]
2.0971520000000046E-5: [8, 8, 4, 0, 4, 4, 0, 1, 1, 1, 2, 3]
2.0971520000000046E-5: [8, 4, 0, 4, 4, 0, 0, 1, 1, 1, 2, 3]
2.0971520000000046E-5: [8, 8, 9, 8, 4, 0, 1, 1, 1, 1, 2, 3]
2.0971520000000046E-5: [8, 8, 9, 9, 8, 4, 0, 1, 1, 1, 2, 3]
2.0971520000000046E-5: [8, 4, 0, 0, 4, 4, 0, 1, 1, 1, 2, 3]
2.0971520000000046E-5: [8, 9, 8, 4, 0, 0, 1, 2, 2, 6, 2, 3]
2.0971520000000046E-5: [8, 4, 0, 4, 0, 0, 1, 2, 2, 6, 2, 3]
2.0971520000000046E-5: [8, 9, 8, 8, 4, 0, 1, 2, 2, 6, 2, 3]
2.0971520000000046E-5: [8, 4, 4, 4, 0, 1, 1, 2, 2, 6, 2, 3]
2.0971520000000046E-5: [8, 8, 4, 0, 0, 1, 2, 6, 2, 6, 2, 3]
2.0971520000000046E-5: [8, 8, 4, 0, 1, 2, 6, 2, 2, 6, 2, 3]
2.0971520000000046E-5: [8, 4, 0, 1, 2, 2, 2, 6, 2, 6, 2, 3]
2.0971520000000046E-5: [8, 9, 8, 4, 0, 1, 2, 2, 2, 6, 2, 3]
2.0971520000000046E-5: [8, 4, 0, 0, 1, 2, 6, 2, 2, 6, 2, 3]
2.0971520000000046E-5: [8, 8, 4, 0, 1, 2, 2, 6, 2, 6, 2, 3]
2.0971520000000046E-5: [8, 4, 0, 1, 2, 6, 2, 2, 2, 6, 2, 3]
2.0971520000000046E-5: [8, 4, 0, 0, 0, 1, 2, 6, 2, 6, 2, 3]
2.0971520000000046E-5: [8, 8, 8, 4, 0, 1, 2, 6, 2, 6, 2, 3]
2.0971520000000046E-5: [8, 4, 0, 0, 1, 2, 2, 6, 2, 6, 2, 3]
2.0971520000000046E-5: [8, 4, 0, 1, 2, 2, 6, 2, 2, 6, 2, 3]
2.0971520000000046E-5: [8, 4, 0, 1, 2, 6, 6, 2, 2, 6, 2, 3]
2.0971520000000046E-5: [8, 4, 0, 1, 2, 2, 6, 6, 2, 6, 2, 3]
2.0971520000000046E-5: [8, 4, 0, 0, 1, 2, 6, 6, 2, 6, 2, 3]
2.0971520000000046E-5: [8, 4, 0, 4, 0, 1, 2, 2, 2, 6, 2, 3]
2.0971520000000046E-5: [8, 4, 0, 0, 4, 0, 1, 2, 2, 6, 2, 3]
2.0971520000000046E-5: [8, 8, 8, 4, 0, 4, 0, 4, 0, 1, 2, 3]
2.0971520000000046E-5: [8, 4, 0, 0, 0, 4, 0, 4, 0, 1, 2, 3]
2.0971520000000046E-5: [8, 9, 8, 4, 0, 0, 0, 1, 2, 6, 2, 3]
2.0971520000000117E-5: [8, 9, 8, 4, 0, 0, 0, 4, 0, 1, 2, 3]
2.0971520000000117E-5: [8, 9, 8, 8, 8, 4, 0, 4, 0, 1, 2, 3]
2.0971520000000046E-5: [8, 8, 4, 0, 0, 4, 0, 4, 0, 1, 2, 3]
2.0971520000000046E-5: [8, 8, 4, 4, 4, 0, 1, 1, 2, 6, 2, 3]
2.0971520000000046E-5: [8, 8, 4, 4, 4, 4, 0, 4, 0, 1, 2, 3]
2.0971520000000046E-5: [8, 4, 0, 0, 1, 1, 1, 1, 2, 6, 2, 3]
2.0971520000000046E-5: [8, 8, 4, 0, 4, 0, 0, 1, 2, 6, 2, 3]
2.0971520000000117E-5: [8, 8, 4, 0, 4, 0, 0, 4, 0, 1, 2, 3]
2.0971520000000046E-5: [8, 4, 4, 4, 4, 0, 0, 1, 2, 6, 2, 3]
2.0971520000000117E-5: [8, 4, 4, 4, 4, 0, 0, 4, 0, 1, 2, 3]
2.0971520000000046E-5: [8, 4, 0, 0, 4, 0, 0, 1, 2, 6, 2, 3]
2.0971520000000117E-5: [8, 4, 0, 0, 4, 0, 0, 4, 0, 1, 2, 3]
2.0971520000000046E-5: [8, 4, 0, 4, 0, 0, 0, 1, 2, 6, 2, 3]
2.0971520000000117E-5: [8, 4, 0, 4, 0, 0, 0, 4, 0, 1, 2, 3]
2.0971520000000046E-5: [8, 8, 4, 0, 1, 1, 1, 1, 2, 6, 2, 3]
2.0971520000000046E-5: [8, 8, 8, 4, 0, 4, 0, 1, 2, 6, 2, 3]
2.0971520000000046E-5: [8, 4, 0, 0, 0, 4, 0, 1, 2, 6, 2, 3]
2.0971520000000046E-5: [8, 9, 8, 8, 8, 4, 0, 1, 2, 6, 2, 3]